-0.51
-0.27
0.77
0.35
1.8
0.08
0.48
-0.8
-0.27
-0.15
-0.8
0.69
1.15
0.57
0.24
0
-0.03
0.61
0.08
0.71
-0.48
0.64
0.65
0.4
-0.15
0.33
0.05
0.3
0.22
0.16
-0.27
0.86
-0.74
0.12
0.49
1.14
0.05
0.11
-1.08
0.96
1.29
0.59
-0.19
0.2
-0.08
0
-1.51
0.21
0.08
0.97
0.97
0.03
-0.24
0.14
-0.36
-0.22
-0.85
-0.01
-0.77
-0.6
-0.89
1.68
1.13
0.15
-0.38
-0.85
2.83
0.35
3.1
2.55
2.59
0.77
2.14
1.57
0.92
0.41
-0.43
0.64
0.79
1.3
1.4
1.54
2.14
-0.19
0.39
0.94
0.16
-0.62
-0.13
0.89
-0.32
0.23
0.67
-0.43
-1
-0.51
-0.26
0.07
-1.18
0.16
0.22
-0.37
0.25
-0.37
