0 0 0 0 0 14 1 0 0 0 0 0 0 1 0 0 0 0 0 0 1 0 0 8 2 1 0 0 0 0 0 1 0 0 0 2 0 0 0 1 0 0 0 0 0 0 0 0 0 0 0 0 0
0 0 0 0 0 14 1 0 0 0 0 0 0 1 1 0 0 0 0 0 1 0 0 8 5 0 0 0 0 0 0 1 0 0 0 2 0 0 0 1 0 0 0 0 0 0 0 0 0 0 0 0 0
0 0 0 0 0 14 1 0 0 0 0 0 0 1 0 0 0 0 0 0 2 0 0 7 2 1 0 0 0 0 0 1 0 0 0 2 0 0 0 1 0 0 0 0 0 0 0 0 0 0 0 0 0
0 0 0 0 0 14 1 0 0 0 0 0 0 1 1 0 0 0 0 0 2 0 0 7 5 0 0 0 0 0 0 1 0 0 0 2 0 0 0 1 0 0 0 0 0 0 0 0 0 0 0 0 0
0 0 0 0 0 14 1 0 0 0 0 0 0 1 0 0 0 1 0 0 0 0 0 8 2 1 0 0 0 0 0 1 0 0 0 2 0 0 0 1 0 0 0 0 0 0 0 0 0 0 0 0 0
0 0 0 0 0 14 1 0 0 0 0 0 0 1 1 0 0 1 0 0 0 0 0 8 5 0 0 0 0 0 0 1 0 0 0 2 0 0 0 1 0 0 0 0 0 0 0 0 0 0 0 0 0
0 0 0 0 0 14 1 0 0 0 0 0 0 1 0 0 0 1 0 0 1 0 0 7 2 1 0 0 0 0 0 1 0 0 0 2 0 0 0 1 0 0 0 0 0 0 0 0 0 0 0 0 0
0 0 0 0 0 14 1 0 0 0 0 0 0 1 0 0 0 1 0 0 2 0 0 6 2 1 0 0 0 0 0 1 0 0 0 2 0 0 0 1 0 0 0 0 0 0 0 0 0 0 0 0 0
0 0 0 0 0 14 1 0 0 0 0 0 0 1 1 0 0 1 0 0 2 0 0 6 5 0 0 0 0 0 0 1 0 0 0 2 0 0 0 1 0 0 0 0 0 0 0 0 0 0 0 0 0
0 0 0 0 0 14 1 0 0 0 0 0 0 1 0 0 0 2 0 0 0 0 0 7 2 1 0 0 0 0 0 1 0 0 0 2 0 0 0 1 0 0 0 0 0 0 0 0 0 0 0 0 0
0 0 0 0 0 14 1 0 0 0 0 0 0 1 0 0 0 2 0 0 1 0 0 6 2 1 0 0 0 0 0 1 0 0 0 2 0 0 0 1 0 0 0 0 0 0 0 0 0 0 0 0 0
0 0 0 0 0 14 1 0 0 0 0 0 0 1 0 0 0 3 0 0 0 0 0 6 2 1 0 0 0 0 0 1 0 0 0 2 0 0 0 1 0 0 0 0 0 0 0 0 0 0 0 0 0
0 0 0 0 0 14 1 0 0 0 0 0 0 1 1 0 0 3 0 0 0 0 0 6 5 0 0 0 0 0 0 1 0 0 0 2 0 0 0 1 0 0 0 0 0 0 0 0 0 0 0 0 0
1 0 0 0 0 14 1 0 0 0 0 0 0 1 1 0 0 0 0 0 2 0 0 6 5 0 0 0 0 0 0 1 0 0 0 2 0 0 0 1 0 0 0 0 0 0 0 0 0 0 0 0 0
0 0 0 0 0 14 1 0 0 0 0 0 0 1 1 0 0 0 0 0 1 0 0 7 5 0 0 0 1 0 0 1 0 0 0 2 0 0 0 1 0 0 0 0 0 0 0 0 0 0 0 0 0
0 0 0 0 0 14 1 0 0 0 0 1 0 1 0 0 0 0 0 0 0 3 0 8 2 1 0 0 0 0 0 1 0 0 0 2 0 0 0 1 0 0 0 0 0 0 0 0 0 0 0 0 0
0 0 0 0 0 14 1 0 0 0 0 0 0 1 0 0 0 0 0 0 1 0 0 7 2 1 0 0 0 0 1 2 0 1 0 2 0 0 0 1 0 0 0 0 0 0 0 0 0 0 0 0 0
0 0 0 0 0 14 1 0 0 0 0 0 0 1 0 0 0 0 0 0 0 0 0 8 2 1 0 0 0 0 0 1 0 0 0 3 0 0 0 1 2 0 0 0 0 0 0 0 0 0 0 0 0
0 0 0 0 0 14 1 0 0 0 0 0 0 1 0 0 0 0 0 0 1 0 0 7 2 1 0 0 0 0 0 1 0 0 0 3 0 0 0 1 2 0 0 0 0 0 0 0 0 0 0 0 0
0 0 0 0 0 14 1 0 0 0 0 0 0 1 1 0 0 0 0 0 1 0 0 7 5 0 0 0 0 0 0 1 0 0 0 3 0 0 0 1 2 0 0 0 0 0 0 0 0 0 0 0 0
0 0 0 0 0 14 1 0 0 0 0 0 0 1 0 0 0 1 0 0 0 0 0 7 2 1 0 0 0 0 0 1 0 0 0 3 0 0 0 1 2 0 0 0 0 0 0 0 0 0 0 0 0
0 0 0 0 0 14 1 0 0 0 0 0 0 1 1 0 0 1 0 0 0 0 0 7 5 0 0 0 0 0 0 1 0 0 0 3 0 0 0 1 2 0 0 0 0 0 0 0 0 0 0 0 0
0 0 0 0 0 14 1 0 0 0 0 1 0 1 0 0 0 0 0 0 0 3 0 7 2 1 0 0 0 0 0 1 0 0 0 3 0 0 0 1 2 0 0 0 0 0 0 0 0 0 0 0 0
0 0 0 0 0 14 1 0 0 0 0 0 0 1 1 0 0 0 0 0 1 0 0 7 5 1 1 0 0 0 0 1 0 0 0 3 0 0 0 1 0 0 0 0 0 0 1 0 0 0 0 0 0
0 0 0 0 0 14 1 0 0 0 0 0 0 1 0 0 0 0 0 0 0 0 0 8 2 3 0 0 0 0 0 1 0 0 0 3 0 0 0 1 0 0 0 0 0 0 0 0 0 0 0 0 0
0 0 0 0 0 14 1 0 0 0 0 0 0 1 1 0 0 0 0 0 0 0 0 8 5 2 0 0 0 0 0 1 0 0 0 3 0 0 0 1 0 0 0 0 0 0 0 0 0 0 0 0 0
0 0 0 0 0 14 1 0 0 0 0 0 0 1 1 0 0 0 0 0 1 0 0 7 5 2 0 0 0 0 0 1 0 0 0 3 0 0 0 1 0 0 0 0 0 0 0 0 0 0 0 0 0
0 0 0 0 0 14 1 0 0 0 0 0 0 1 0 0 0 1 0 0 0 0 0 7 2 3 0 0 0 0 0 1 0 0 0 3 0 0 0 1 0 0 0 0 0 0 0 0 0 0 0 0 0
0 0 0 0 0 14 1 0 1 0 0 1 0 1 0 0 0 0 0 0 0 0 0 8 5 2 0 0 0 0 0 1 0 0 0 3 0 0 0 2 0 0 0 0 0 0 0 0 0 0 0 0 0
0 0 0 0 0 14 1 0 1 0 0 0 0 1 2 0 0 0 0 0 1 0 0 7 8 2 0 0 0 0 0 1 0 0 0 4 0 0 0 2 0 0 0 0 0 0 0 0 0 0 0 0 0
0 0 0 0 0 14 1 0 0 0 0 1 0 1 1 0 0 0 0 0 0 0 0 8 7 2 0 0 0 0 0 1 0 0 0 2 1 0 0 1 0 0 0 0 0 0 0 0 0 0 0 0 0
0 0 1 0 0 14 1 0 0 0 0 0 0 1 1 0 0 0 0 0 0 0 0 8 5 0 0 0 0 1 0 1 0 0 0 2 0 0 0 1 0 0 0 0 0 0 0 0 0 0 0 0 0
0 0 1 0 0 14 1 0 0 0 0 0 0 1 1 0 0 0 0 0 1 0 0 7 5 0 0 0 0 1 0 1 0 0 0 2 0 0 0 1 0 0 0 0 0 0 0 0 0 0 0 0 0
0 0 0 0 0 14 1 0 0 0 0 1 1 1 0 0 0 0 0 0 0 0 0 8 7 1 0 0 0 0 0 1 0 0 0 2 0 0 0 1 0 0 0 0 0 0 0 0 0 0 0 0 0
0 0 0 0 0 16 1 0 0 0 0 0 0 1 0 0 0 0 0 0 0 0 0 11 2 1 0 0 0 0 0 1 0 0 0 2 0 0 0 1 0 0 0 0 0 0 0 0 0 0 0 0 0
0 0 0 0 0 15 1 0 0 0 0 0 0 1 0 0 0 0 0 0 0 0 0 9 2 1 0 0 0 0 0 1 0 0 0 2 0 0 0 2 0 0 0 0 0 0 0 0 0 0 0 0 0
0 0 0 0 0 15 1 0 0 0 0 1 0 1 0 0 0 0 0 0 1 0 0 7 5 1 0 0 0 0 0 1 0 0 0 2 0 0 0 2 0 0 0 0 0 0 0 0 0 0 0 0 0
0 0 0 0 0 14 1 0 0 0 0 0 0 1 2 0 0 0 0 0 0 0 0 8 8 1 0 0 0 0 0 1 0 0 0 2 0 0 1 1 0 0 2 0 0 0 0 0 0 0 0 0 1
0 0 0 0 0 14 1 0 0 0 0 0 0 1 0 0 0 0 0 0 0 0 0 9 2 1 0 0 0 0 0 1 0 0 0 2 0 0 0 1 0 0 0 0 0 0 0 0 0 0 0 0 0
0 0 0 0 0 14 1 0 0 0 0 0 0 1 0 0 0 0 0 0 1 0 0 8 2 1 0 0 0 0 0 1 0 0 0 2 0 0 0 1 0 0 0 0 0 0 0 0 0 0 0 0 0
0 0 0 0 0 14 1 0 0 0 0 0 0 1 0 0 0 0 0 0 2 0 0 7 2 1 0 0 0 0 0 1 0 0 0 2 0 0 0 1 0 0 0 0 0 0 0 0 0 0 0 0 0
0 0 0 0 0 14 1 0 0 0 0 0 0 1 1 0 0 0 0 0 1 0 0 8 5 0 0 0 0 0 0 1 0 0 0 2 0 0 0 1 0 0 0 0 0 0 0 0 0 0 0 0 0
0 0 0 0 0 14 1 0 0 0 0 0 0 1 1 0 0 1 0 0 0 0 0 8 5 0 0 0 0 0 0 1 0 0 0 2 0 0 0 1 0 0 0 0 0 0 0 0 0 0 0 0 0
0 0 0 0 0 14 1 0 0 0 0 0 0 1 0 0 0 1 0 0 0 0 0 8 2 1 0 0 0 0 0 1 0 0 0 2 0 0 0 1 0 0 0 0 0 0 0 0 0 0 0 0 0
0 0 0 0 0 14 1 0 0 0 0 0 0 1 1 0 0 1 0 0 1 0 0 7 5 0 0 0 0 0 0 1 0 0 0 2 0 0 0 1 0 0 0 0 0 0 0 0 0 0 0 0 0
0 0 0 0 0 14 1 0 0 0 0 0 0 1 0 0 0 1 0 0 2 0 0 6 2 1 0 0 0 0 0 1 0 0 0 2 0 0 0 1 0 0 0 0 0 0 0 0 0 0 0 0 0
0 0 0 0 0 14 1 0 0 0 0 1 0 1 0 0 0 0 0 0 1 0 0 7 5 1 0 0 0 0 0 1 0 0 0 2 0 0 0 1 0 0 0 0 0 0 0 0 0 0 0 0 0
0 0 0 0 0 14 1 0 0 0 0 0 0 1 1 0 0 1 0 0 1 0 0 7 5 0 0 0 0 0 0 1 0 0 0 2 0 0 0 1 0 0 0 0 0 0 0 0 0 0 0 0 0
0 0 0 0 0 14 1 0 0 0 0 0 0 1 1 0 0 2 0 0 1 0 0 6 5 0 0 0 0 0 0 1 0 0 0 2 0 0 0 1 0 0 0 0 0 0 0 0 0 0 0 0 0
0 0 0 0 0 14 1 0 0 0 0 0 0 1 1 0 0 2 0 0 0 0 0 7 5 0 0 0 0 0 0 1 0 0 0 2 0 0 0 1 0 0 0 0 0 0 0 0 0 0 0 0 0
0 0 0 0 0 14 1 0 0 0 0 0 0 1 0 0 0 2 0 0 1 0 0 6 2 1 0 0 0 0 0 1 0 0 0 2 0 0 0 1 0 0 0 0 0 0 0 0 0 0 0 0 0
0 0 0 0 0 14 1 0 0 0 0 1 0 1 0 0 0 1 0 0 1 0 0 6 5 1 0 0 0 0 0 1 0 0 0 2 0 0 0 1 0 0 0 0 0 0 0 0 0 0 0 0 0
0 0 0 0 0 14 1 0 0 0 0 0 0 1 0 0 0 2 0 0 0 0 0 7 2 1 0 0 0 0 0 1 0 0 0 2 0 0 0 1 0 0 0 0 0 0 0 0 0 0 0 0 0
0 0 0 0 0 14 1 0 0 0 0 1 0 1 0 0 0 1 0 0 0 0 0 7 5 1 0 0 0 0 0 1 0 0 0 2 0 0 0 1 0 0 0 0 0 0 0 0 0 0 0 0 0
0 0 0 0 0 14 1 0 0 0 0 0 0 1 1 0 0 1 0 0 1 0 0 6 5 2 0 0 0 0 0 1 0 0 0 3 0 0 0 1 0 0 0 0 0 0 0 0 0 0 0 0 0
0 0 0 0 0 14 1 0 0 0 0 0 1 1 1 0 0 0 0 0 0 0 0 9 6 2 0 0 0 0 0 1 0 0 0 2 1 0 0 1 0 0 0 0 0 0 0 0 0 0 0 0 0
0 0 0 0 0 14 1 0 0 0 0 0 1 1 1 1 0 1 0 0 0 0 0 8 8 2 0 0 0 0 0 1 0 0 0 2 1 0 0 1 0 0 0 0 1 0 0 0 0 0 0 0 0
0 0 0 0 0 14 1 0 0 0 0 0 1 1 1 0 0 1 0 0 0 3 0 8 4 0 0 0 0 0 0 1 0 0 0 2 0 0 0 1 0 0 0 0 0 0 0 0 0 0 0 0 0
0 1 0 1 0 14 1 0 0 0 0 0 0 1 1 0 0 1 0 0 0 0 1 8 4 0 0 0 0 0 0 1 0 0 0 2 0 0 0 1 0 0 0 0 0 0 0 0 0 0 0 0 0
0 0 0 0 0 14 1 0 0 0 0 0 4 1 1 0 0 1 0 0 0 0 0 8 9 0 0 0 0 0 0 1 0 0 0 2 0 0 0 1 0 0 0 0 0 0 0 0 0 0 0 0 0
0 0 0 0 0 14 1 0 0 0 0 0 0 1 1 1 0 0 0 0 0 0 0 8 7 0 0 0 0 0 0 1 0 0 0 3 0 0 0 1 2 0 0 0 1 0 0 0 0 0 0 0 0
0 0 0 0 0 14 1 0 0 0 0 0 3 1 1 0 0 1 0 0 0 0 0 8 11 0 0 0 0 0 0 1 0 0 0 2 0 0 0 1 0 0 0 0 0 0 0 0 0 0 0 0 0
0 0 0 0 0 14 2 0 0 0 0 0 1 1 2 0 0 1 0 0 0 0 0 8 9 1 0 0 0 0 0 1 0 0 0 3 0 0 0 2 0 0 0 0 0 0 0 0 0 0 0 0 0
0 0 0 0 0 14 1 0 0 0 0 0 1 1 1 0 0 1 0 0 1 0 0 7 6 2 0 0 0 0 0 1 0 0 0 2 1 0 0 1 0 0 0 0 0 0 0 0 0 0 0 0 0
0 0 0 0 0 14 1 0 0 0 0 0 3 1 3 0 0 1 0 0 1 0 0 7 16 0 0 0 0 0 0 1 0 0 0 2 1 0 0 1 0 0 0 0 0 0 0 0 0 0 0 0 0
0 0 0 0 0 14 1 0 0 0 0 0 1 1 1 0 0 1 0 0 1 0 0 7 6 0 1 0 0 0 0 1 0 0 0 2 0 0 0 1 0 0 0 0 1 0 0 0 0 0 0 0 0
0 0 0 0 1 14 1 0 0 0 0 0 1 1 1 0 0 1 0 0 1 0 0 7 6 0 0 0 0 0 0 1 1 0 0 2 0 0 0 1 0 0 0 0 0 0 0 0 0 1 0 0 0
0 0 0 0 0 14 2 0 0 0 0 0 1 1 1 1 0 1 0 0 1 0 0 7 8 2 0 0 0 0 0 1 0 0 0 3 0 0 0 2 0 0 0 0 1 0 0 0 0 0 0 0 0
0 0 0 0 0 14 1 0 0 0 0 0 2 1 1 0 0 1 0 0 1 0 0 7 7 0 2 0 0 0 0 1 0 0 0 2 0 0 0 1 0 0 0 0 2 0 0 0 0 0 0 0 0
0 0 0 0 0 14 1 0 0 0 0 0 1 1 1 0 0 1 0 0 1 0 0 7 6 0 2 0 0 0 0 1 0 0 0 2 0 0 0 1 0 1 0 0 1 0 0 2 1 0 0 0 0
0 0 0 0 0 14 1 0 0 0 0 0 3 1 1 0 0 1 0 0 0 0 0 7 11 0 0 0 0 0 0 1 0 0 0 3 0 0 0 1 2 0 0 0 0 0 0 0 0 0 0 0 0
0 0 0 0 0 14 2 0 0 0 0 0 0 1 1 0 0 1 0 0 1 0 0 7 4 0 1 0 0 0 0 1 0 0 0 2 0 0 0 2 0 0 0 1 0 0 0 0 0 0 0 0 0
0 0 0 0 0 7 1 0 0 0 0 1 0 1 0 0 0 0 0 0 0 0 0 4 5 1 0 0 0 0 0 1 0 0 0 2 0 0 0 1 0 0 0 0 0 0 0 0 0 0 0 0 0
0 0 0 0 0 9 1 0 0 0 0 2 3 1 0 0 0 1 0 0 0 0 0 4 10 1 0 0 0 0 0 1 0 0 0 2 0 0 0 1 0 0 0 0 0 0 0 0 0 0 0 0 0
0 0 0 0 0 9 1 0 0 0 0 2 3 1 1 0 0 1 0 0 0 0 0 4 13 0 0 0 0 0 0 1 0 0 0 2 0 0 0 1 0 0 0 0 0 0 0 0 0 0 0 0 0
0 0 0 0 0 7 1 0 0 0 0 1 6 1 0 0 0 1 0 0 0 0 0 3 13 1 0 0 0 0 0 1 0 0 0 2 0 0 0 1 0 0 0 0 0 0 0 0 0 0 0 0 0
1 0 0 0 0 12 1 0 0 0 0 0 0 1 0 0 0 0 0 0 0 0 0 7 2 1 0 0 0 0 0 3 0 0 0 2 0 0 0 1 0 0 0 0 0 0 0 0 0 0 0 0 0
0 0 0 0 0 19 1 0 0 0 0 0 0 1 0 0 0 1 0 0 0 0 0 10 2 1 0 0 0 0 0 1 0 0 0 2 0 0 0 1 0 0 0 0 0 0 0 0 0 0 0 0 0
0 0 0 0 0 13 2 0 0 0 0 1 0 1 0 0 0 1 0 0 0 0 0 8 4 1 0 0 0 0 0 1 0 0 0 2 0 0 0 1 0 0 0 0 0 0 0 0 0 0 0 0 0
0 0 0 0 0 14 1 0 0 0 0 0 1 1 0 0 0 1 0 0 1 0 0 7 4 1 0 0 0 0 0 1 0 0 0 2 0 0 0 1 0 0 0 0 0 0 0 0 0 0 0 0 0
0 0 0 0 0 14 1 0 0 0 0 0 1 1 0 0 0 1 0 0 0 0 0 7 4 1 0 0 0 0 0 1 0 0 0 3 0 0 0 1 2 0 0 0 0 0 0 0 0 0 0 0 0
0 0 0 0 0 14 1 0 0 0 0 0 1 1 1 0 0 0 0 0 1 0 0 7 7 0 0 0 0 0 0 1 0 0 0 3 0 0 0 1 2 0 0 0 0 0 0 0 0 0 0 0 0
0 0 0 0 0 14 1 0 0 0 0 0 2 1 1 0 0 1 0 0 0 0 0 8 9 0 0 0 0 0 0 1 0 0 0 2 0 0 0 1 0 0 0 0 0 0 0 0 0 0 0 0 0
0 0 0 0 0 14 1 0 0 0 0 0 1 1 0 0 0 1 0 1 0 0 0 8 4 0 0 0 0 0 0 1 0 0 0 2 0 0 0 1 0 0 0 0 0 0 0 0 0 0 0 0 0
0 0 0 0 0 14 1 0 0 0 0 0 0 1 0 0 0 1 0 0 0 0 0 8 1 1 1 0 0 0 0 1 0 0 0 2 0 0 0 1 0 0 0 0 1 0 0 0 0 0 0 0 0
0 0 0 0 0 14 1 0 0 0 0 0 0 1 1 0 0 1 0 0 0 0 0 8 4 0 1 0 0 0 0 1 0 0 0 2 0 0 0 1 0 0 0 0 1 0 0 0 0 0 0 0 0
0 0 0 0 0 14 1 0 0 0 0 0 0 1 0 0 0 2 0 0 0 0 0 7 1 1 1 0 0 0 0 1 0 0 0 2 0 0 0 1 0 0 0 0 1 0 0 0 0 0 0 0 0
0 0 0 0 0 14 2 0 0 1 0 1 1 1 0 0 0 1 0 0 0 0 0 8 5 1 1 0 0 0 0 1 0 0 0 2 0 0 0 3 0 0 0 1 1 0 0 0 0 0 0 0 0
0 0 0 0 0 14 1 0 0 1 0 0 0 1 3 0 0 1 0 0 0 0 0 8 10 0 0 0 0 0 0 1 0 0 0 3 0 0 0 2 0 0 0 0 1 0 0 0 0 0 0 0 0
0 0 0 0 0 14 1 0 0 0 0 0 0 1 1 0 0 1 1 0 1 0 0 7 4 0 0 0 0 0 0 1 0 0 0 2 0 0 0 1 0 0 0 0 0 0 0 0 0 0 0 0 0
0 0 0 0 0 14 2 0 0 0 0 0 0 1 0 0 0 1 0 0 0 0 0 8 1 1 1 0 0 0 0 1 0 0 0 2 0 0 0 2 0 0 0 1 0 0 0 0 0 0 0 0 0
0 0 0 0 0 11 1 0 0 0 1 0 0 1 0 0 0 1 0 0 0 0 0 6 2 1 0 0 0 0 0 1 0 0 0 2 0 0 0 1 0 0 0 0 0 0 0 0 0 0 1 0 0
0 0 0 0 0 11 1 0 0 0 1 0 0 1 0 0 0 1 0 0 0 0 0 6 2 1 0 0 0 0 0 1 0 0 0 2 0 0 0 1 0 0 0 0 0 0 0 0 0 0 1 0 0
0 0 0 0 0 11 1 0 0 0 1 0 0 1 0 0 0 2 0 0 0 0 0 5 2 1 0 0 0 0 0 1 0 0 0 2 0 0 0 1 0 0 0 0 0 0 0 0 0 0 1 0 0
0 0 0 0 0 11 1 0 0 0 0 0 0 1 0 0 0 2 0 0 0 0 0 5 2 1 0 0 0 0 0 1 0 0 0 2 0 0 0 1 0 0 0 0 0 0 0 0 0 0 2 0 0
0 0 0 0 0 11 1 0 1 0 0 1 0 1 1 0 0 0 0 0 0 0 0 6 8 1 0 0 0 0 0 1 0 0 0 3 0 0 0 1 0 0 0 0 0 0 0 0 0 0 0 0 0
0 0 0 0 0 12 2 0 0 0 0 1 0 0 1 0 0 0 0 0 0 0 0 9 3 2 0 0 0 0 0 0 0 0 0 2 1 0 0 1 0 0 0 0 0 0 0 0 0 0 0 0 0
0 0 0 0 0 12 2 0 0 0 0 1 0 0 1 0 0 1 0 0 0 0 0 8 3 2 0 0 0 0 0 0 0 0 0 2 1 0 0 1 0 0 0 0 0 0 0 0 0 0 0 0 0
0 0 0 0 0 12 2 0 0 0 0 1 0 0 2 0 0 1 0 0 0 0 0 8 6 1 0 0 0 0 0 0 0 0 0 2 1 0 0 1 0 0 0 0 0 0 0 0 0 0 0 0 0
0 0 0 0 0 12 2 0 0 0 0 1 0 0 3 0 0 1 0 0 1 0 0 7 9 0 0 0 0 0 0 0 0 0 0 2 1 0 0 1 0 0 0 0 0 0 0 0 0 0 0 0 0
0 0 0 0 0 12 2 0 0 0 0 1 0 0 2 0 0 1 0 0 0 0 0 7 6 1 0 0 0 0 0 0 0 0 0 3 1 0 0 1 2 0 0 0 0 0 0 0 0 0 0 0 0
0 0 0 0 0 14 1 0 0 0 0 0 0 0 2 0 0 1 0 0 0 0 0 8 5 1 0 0 0 0 0 2 0 0 0 2 0 0 0 0 1 0 0 0 0 0 0 0 0 0 0 0 0
0 0 0 0 0 14 1 0 0 0 0 0 0 0 1 0 0 1 0 0 0 0 0 8 2 1 0 0 0 0 0 0 0 0 0 3 0 0 0 1 1 0 0 0 0 0 0 0 0 0 0 0 0
0 0 0 0 0 14 0 0 0 0 0 0 1 1 1 0 0 1 0 0 0 0 0 8 7 0 0 0 0 0 0 1 0 0 0 1 1 0 0 0 0 0 0 0 0 0 0 0 0 0 0 0 0
0 0 0 0 0 12 2 0 0 0 0 1 2 0 2 1 0 1 0 0 0 0 0 8 8 1 0 0 0 0 0 0 0 0 0 2 1 0 0 1 0 0 0 0 1 0 0 0 0 0 0 0 0
0 0 0 0 0 12 2 0 0 0 0 1 1 0 2 1 0 2 0 0 0 0 0 7 6 1 0 0 0 0 0 0 0 0 0 2 1 0 0 1 0 0 0 0 1 0 0 0 0 0 0 0 0
0 0 0 0 0 14 2 0 1 1 0 2 0 0 2 0 0 1 0 0 0 0 0 9 8 0 0 0 0 0 0 0 0 0 0 2 1 0 0 2 0 0 0 0 1 0 0 0 0 0 0 0 0
0 0 0 0 0 14 1 0 0 0 0 0 0 0 1 0 0 3 0 0 0 0 0 6 2 3 0 0 0 0 0 0 0 0 0 2 0 0 0 2 0 0 0 0 0 0 0 0 0 0 0 0 0
0 0 0 0 0 14 1 0 0 0 0 0 0 0 2 0 0 1 0 0 0 0 0 7 5 2 0 0 0 0 0 0 0 0 0 3 0 0 0 2 2 0 0 0 0 0 0 0 0 0 0 0 0
0 0 0 0 0 14 1 0 1 0 0 1 4 0 2 0 0 1 0 0 0 0 0 8 14 5 0 0 0 0 0 0 0 0 0 2 2 0 0 3 0 0 0 0 0 0 0 0 0 0 0 0 0
1 0 0 0 0 12 1 0 1 0 0 1 3 0 2 0 0 0 0 0 0 0 0 7 9 3 0 0 0 0 0 2 0 0 0 2 1 0 0 3 0 0 0 0 0 0 0 0 0 0 0 0 0
0 0 0 0 0 12 1 0 2 0 0 1 0 0 1 0 0 1 0 0 0 0 0 8 5 0 0 0 0 0 0 0 0 0 0 3 0 0 0 2 0 0 0 0 0 0 0 0 0 0 0 0 0
0 0 0 0 0 12 1 0 2 0 0 1 0 0 0 0 0 1 0 0 0 0 0 8 2 1 0 0 0 0 0 0 0 0 0 3 0 0 0 2 0 0 0 0 0 0 0 0 0 0 0 0 0
0 0 0 0 0 14 1 1 1 0 0 1 0 1 0 0 0 1 0 0 0 0 0 8 5 0 0 0 0 0 0 2 0 1 0 2 0 0 0 0 0 0 0 0 0 0 0 0 0 0 0 0 0
0 0 0 0 0 14 1 1 1 0 0 0 0 1 0 0 0 1 0 0 0 0 0 9 2 0 0 0 0 0 0 2 0 1 0 2 0 0 0 0 0 0 0 0 0 0 0 0 0 0 0 0 0
0 0 0 0 0 14 1 1 1 0 0 1 0 1 0 0 0 1 0 0 0 0 0 8 5 0 0 0 0 0 0 2 0 1 0 2 0 0 0 0 0 0 0 0 0 0 0 0 0 0 0 0 0
0 0 0 0 0 14 1 1 1 0 0 1 0 1 0 0 0 2 0 0 0 0 0 7 5 0 0 0 0 0 0 2 0 1 0 2 0 0 0 0 0 0 0 0 0 0 0 0 0 0 0 0 0
0 0 0 0 0 14 1 1 1 0 0 1 0 1 0 0 0 1 0 0 0 0 0 8 4 0 1 0 0 0 0 2 0 1 0 2 0 0 0 0 0 0 0 0 1 0 0 0 0 0 0 0 0
0 0 0 0 0 14 1 1 1 0 0 1 0 1 2 0 0 1 0 0 0 0 0 8 10 0 0 0 0 0 0 2 0 1 0 2 1 0 0 0 0 0 0 0 0 0 0 0 0 0 0 0 0
0 0 0 0 0 14 1 1 1 0 0 1 1 1 2 0 0 1 0 0 0 0 0 8 12 0 0 0 0 0 0 2 0 1 0 2 1 0 0 0 0 0 0 0 0 0 0 0 0 0 0 0 0
0 0 0 0 0 14 1 1 1 0 0 1 1 1 0 0 0 1 0 0 1 0 0 7 7 0 0 0 0 0 0 2 0 1 0 2 0 0 0 0 0 0 0 0 0 0 0 0 0 0 0 0 0
0 0 0 0 0 14 1 1 1 0 0 1 1 1 0 0 0 0 0 0 1 0 0 7 7 0 0 0 0 0 0 2 0 1 0 3 0 0 0 0 2 0 0 0 0 0 0 0 0 0 0 0 0
0 0 0 0 0 14 1 1 1 0 0 1 1 1 0 0 0 1 0 0 0 0 0 7 7 0 0 0 0 0 0 2 0 1 0 3 0 0 0 0 2 0 0 0 0 0 0 0 0 0 0 0 0
0 0 0 0 0 11 1 1 1 0 1 1 0 1 0 0 0 1 0 0 0 0 0 6 5 0 0 0 0 0 0 2 0 1 0 2 0 0 0 0 0 0 0 0 0 0 0 0 0 0 1 0 0
0 0 0 0 0 11 1 1 1 0 1 2 1 1 0 0 0 1 0 0 0 0 0 5 10 0 0 0 0 0 0 2 0 1 0 2 0 0 0 0 0 0 0 0 0 0 0 0 0 0 1 0 0
0 0 0 0 0 11 1 1 1 0 1 1 0 1 0 0 0 2 0 0 0 0 0 5 5 0 0 0 0 0 0 2 0 1 0 2 0 0 0 0 0 0 0 0 0 0 0 0 0 0 1 0 0
1 0 0 0 0 11 1 1 1 0 1 1 0 1 0 0 0 1 0 0 0 0 0 5 5 0 0 0 0 0 0 2 0 1 0 2 0 0 0 0 0 0 0 0 0 0 0 0 0 0 1 0 0
0 0 0 0 0 11 1 1 1 0 1 1 0 1 0 0 0 1 0 0 0 0 0 5 5 0 0 0 1 0 0 2 0 1 0 2 0 0 0 0 0 0 0 0 0 0 0 0 0 0 1 0 0
0 0 0 0 0 11 1 1 1 0 1 1 0 1 0 0 0 2 0 0 0 0 0 5 4 2 0 0 0 0 0 2 0 1 0 2 1 0 0 0 0 0 0 0 0 0 0 0 0 0 1 0 0
0 0 0 0 0 15 1 1 1 0 0 1 0 1 0 0 0 1 0 0 1 0 0 8 5 0 0 0 0 0 0 2 0 0 0 2 0 0 0 0 0 0 0 0 0 0 0 0 0 0 0 0 0
0 0 0 0 0 15 1 1 1 0 0 1 0 1 0 0 0 1 0 0 1 0 0 8 4 0 1 0 0 0 0 2 0 0 0 2 0 0 0 0 0 0 0 0 1 0 0 0 0 0 0 0 0
0 0 0 0 0 16 1 1 1 0 0 0 1 1 0 1 0 1 0 0 0 0 0 9 7 0 0 0 0 0 0 2 0 0 0 2 0 0 0 1 0 0 0 1 0 0 0 0 0 0 0 0 0
0 0 0 0 0 16 1 1 1 0 0 0 3 1 0 1 0 1 0 0 0 0 0 9 11 0 0 0 0 0 0 2 0 0 0 2 0 0 0 1 0 0 0 1 0 0 0 0 0 0 0 0 0
0 0 0 0 0 16 1 1 1 0 0 0 0 1 0 1 0 1 0 0 1 0 0 8 5 0 0 0 0 0 0 2 0 0 0 2 0 0 0 1 0 0 0 1 0 0 0 0 0 0 0 0 0
0 0 0 0 0 16 1 1 1 0 0 0 2 0 1 1 0 1 0 0 1 0 0 8 9 0 0 0 0 0 0 1 0 0 0 3 0 0 0 1 1 0 0 1 0 0 0 0 0 0 0 0 0
0 0 0 0 0 16 1 1 1 0 0 0 0 1 0 0 0 2 0 0 0 0 0 8 2 0 1 0 0 0 0 2 0 0 0 2 0 0 0 1 0 0 0 1 0 0 0 0 0 0 0 0 0
0 0 0 0 0 16 1 1 1 0 0 0 0 1 0 0 0 1 0 0 1 0 0 8 2 2 0 0 0 0 0 2 0 0 0 3 0 0 0 1 0 0 0 0 0 0 0 0 0 0 0 0 0
0 0 0 0 0 16 1 1 1 0 0 0 0 1 0 0 0 2 0 0 0 0 0 8 2 2 0 0 0 0 0 2 0 0 0 3 0 0 0 1 0 0 0 0 0 0 0 0 0 0 0 0 0
0 0 0 0 0 16 1 1 1 0 0 1 0 1 2 0 0 2 0 0 0 0 0 7 10 2 0 0 0 0 0 2 0 0 0 3 1 0 0 1 0 0 0 0 0 0 0 0 0 0 0 0 0
0 0 0 0 0 16 1 1 1 0 0 0 2 1 4 0 0 1 0 0 0 0 0 8 13 0 0 0 0 0 0 2 0 0 0 4 1 0 0 1 2 0 0 0 0 0 0 0 0 0 0 0 0
0 0 0 0 0 15 1 0 0 0 0 1 0 0 0 0 0 1 0 0 1 0 0 8 2 1 0 0 0 0 0 0 0 0 0 2 0 0 0 1 0 0 0 0 0 0 0 0 0 0 0 0 0
0 0 0 0 0 15 1 0 0 0 0 1 0 0 0 0 0 1 0 0 0 0 0 8 2 1 0 0 0 0 0 0 0 0 0 3 0 0 0 1 2 0 0 0 0 0 0 0 0 0 0 0 0
0 0 0 0 0 15 1 1 1 0 0 2 0 0 0 0 0 0 0 0 0 0 0 10 5 0 0 0 0 0 0 1 0 1 0 2 0 0 0 0 0 0 0 0 0 0 0 0 0 0 0 0 0
0 0 0 0 0 15 1 1 1 0 0 2 0 0 0 0 0 1 0 0 0 0 0 9 5 0 0 0 0 0 0 1 0 1 0 2 0 0 0 0 0 0 0 0 0 0 0 0 0 0 0 0 0
0 0 0 0 0 15 1 1 1 0 0 1 0 0 0 0 0 1 0 0 1 0 0 9 2 0 0 0 0 0 0 1 0 1 0 2 0 0 0 0 0 0 0 0 0 0 0 0 0 0 0 0 0
0 0 0 0 0 15 1 1 1 0 0 2 0 0 0 0 0 1 0 0 1 0 0 8 5 0 0 0 0 0 0 1 0 1 0 2 0 0 0 0 0 0 0 0 0 0 0 0 0 0 0 0 0
0 0 0 0 0 15 1 1 1 0 0 2 0 0 0 0 0 1 0 0 1 0 0 8 4 2 0 0 0 0 0 1 0 1 0 2 1 0 0 0 0 0 0 0 0 0 0 0 0 0 0 0 0
0 0 0 0 0 15 1 1 1 0 0 2 0 0 0 0 0 1 0 0 0 0 0 8 5 0 0 0 0 0 0 1 0 1 0 3 0 0 0 0 2 0 0 0 0 0 0 0 0 0 0 0 0
0 0 0 0 0 12 2 1 1 0 0 2 2 0 0 0 0 1 0 0 1 0 0 7 8 0 0 0 0 0 0 1 0 1 0 2 0 0 0 0 0 0 0 0 0 0 0 0 0 0 0 0 0
0 0 0 0 0 17 1 1 1 0 0 1 0 0 0 1 0 0 0 0 0 0 0 11 5 0 0 0 0 0 0 1 0 0 0 2 0 0 0 1 0 0 0 1 0 0 0 0 0 0 0 0 0
0 0 0 0 0 17 1 1 1 0 0 1 1 0 0 1 0 0 0 0 0 0 0 11 7 0 0 0 0 0 0 1 0 0 0 2 0 0 0 1 0 0 0 1 0 0 0 0 0 0 0 0 0
0 0 0 0 0 17 1 1 1 0 0 1 1 0 0 1 0 0 0 0 1 0 0 10 7 0 0 0 0 0 0 1 0 0 0 2 0 0 0 1 0 0 0 1 0 0 0 0 0 0 0 0 0
0 0 0 0 0 17 1 1 1 0 0 1 1 0 0 1 0 1 0 0 1 0 0 9 7 0 0 0 0 0 0 1 0 0 0 2 0 0 0 1 0 0 0 1 0 0 0 0 0 0 0 0 0
0 0 0 0 0 17 1 1 1 0 0 1 0 0 0 0 0 1 0 0 1 0 0 9 2 2 0 0 0 0 0 1 0 0 0 3 0 0 0 1 0 0 0 0 0 0 0 0 0 0 0 0 0
0 0 0 0 0 16 1 1 1 0 0 1 0 0 0 0 0 1 0 0 1 0 0 10 2 0 0 0 0 0 0 1 0 0 0 2 0 0 0 0 0 0 0 0 0 0 0 0 0 0 0 0 0
0 0 0 0 0 16 1 0 0 0 0 0 0 1 0 0 0 1 0 0 1 0 0 9 2 0 0 0 0 0 0 1 0 0 0 0 0 0 0 0 0 0 0 0 0 0 0 0 0 0 0 0 0
0 0 0 0 0 17 1 1 0 0 0 1 0 1 0 0 0 1 0 0 0 0 0 9 5 0 0 0 0 0 0 4 0 0 0 0 0 0 0 0 0 0 0 0 0 0 0 0 0 0 0 0 0
0 0 0 0 0 17 1 1 0 0 0 1 0 1 0 0 0 1 0 0 1 0 0 8 5 0 0 0 0 0 0 4 0 0 0 0 0 0 0 0 0 0 0 0 0 0 0 0 0 0 0 0 0
0 0 0 0 0 17 1 1 0 0 0 0 0 1 0 0 0 1 0 0 1 0 0 8 2 2 0 0 0 0 0 4 0 0 0 1 0 0 0 0 0 0 0 0 0 0 0 0 0 0 0 0 0
0 0 0 0 0 17 1 1 0 0 0 0 0 1 0 0 0 2 0 0 0 0 0 9 2 0 0 0 0 0 0 4 0 0 0 0 0 0 0 0 0 0 0 0 0 0 0 0 0 0 0 0 0
0 0 0 0 0 16 1 0 0 0 0 0 0 1 0 0 0 0 0 0 0 0 0 9 2 1 0 0 0 0 0 3 0 0 1 0 0 1 0 0 0 0 0 0 0 0 0 0 0 0 0 0 0
0 0 0 0 0 16 1 0 0 0 0 0 0 1 0 0 0 1 0 0 0 0 0 8 2 1 0 0 0 0 0 3 0 0 1 0 0 1 0 0 0 0 0 0 0 0 0 0 0 0 0 0 0
0 0 0 0 0 16 1 0 0 0 0 0 0 1 0 0 0 1 0 0 0 0 0 8 2 1 0 0 0 0 0 3 0 0 1 0 0 1 0 0 0 0 0 0 0 0 0 0 0 0 0 0 0
0 0 0 0 0 16 1 0 0 0 0 0 0 1 0 0 0 1 0 0 1 0 0 7 2 1 0 0 0 0 0 3 0 0 1 0 0 1 0 0 0 0 0 0 0 0 0 0 0 0 0 0 0
0 0 0 0 0 16 1 0 0 0 0 0 0 1 0 0 0 2 0 0 0 0 0 7 2 1 0 0 0 0 0 3 0 0 1 0 0 1 0 0 0 0 0 0 0 0 0 0 0 0 0 0 0
0 0 0 0 0 9 1 1 1 0 0 0 3 0 2 0 0 0 0 0 0 0 0 5 7 2 0 0 0 0 0 1 0 0 0 4 0 0 0 2 0 0 0 0 0 0 0 0 0 0 0 0 0
0 0 0 0 0 9 1 1 1 0 0 0 3 0 2 0 0 1 0 0 0 0 0 4 7 2 0 0 0 0 0 1 0 0 0 4 0 0 0 2 0 0 0 0 0 0 0 0 0 0 0 0 0
0 0 0 0 0 9 1 1 1 0 0 0 4 0 2 1 0 0 0 0 0 0 0 5 12 0 0 0 0 0 0 1 0 0 0 3 0 0 0 2 0 0 0 1 0 0 0 0 0 0 0 0 0
0 0 0 0 0 9 1 1 1 0 0 0 4 0 2 1 0 1 0 0 0 0 0 4 12 0 0 0 0 0 0 1 0 0 0 3 0 0 0 2 0 0 0 1 0 0 0 0 0 0 0 0 0
0 0 0 0 0 9 1 1 1 0 0 0 4 0 2 1 0 1 0 0 0 0 0 4 12 0 0 0 0 0 0 1 0 0 0 3 0 0 0 2 0 0 0 1 0 0 0 0 0 0 0 0 0
0 0 0 0 0 9 1 1 1 0 0 0 6 0 2 2 0 0 0 0 0 0 0 4 19 0 0 0 0 0 0 1 0 0 0 3 0 0 0 2 0 0 0 2 0 0 0 0 0 0 0 0 0
0 0 0 0 0 9 1 1 1 0 0 1 7 0 2 1 0 0 0 0 0 0 0 4 21 0 0 0 0 0 0 1 0 0 0 3 0 0 0 2 0 0 0 1 0 0 0 0 0 0 0 0 0
0 0 0 0 0 9 1 1 1 0 0 1 6 0 2 1 0 0 0 0 0 0 0 4 19 0 0 0 0 0 0 1 0 0 0 3 0 0 0 2 0 0 0 1 0 0 0 0 0 0 0 0 0
0 0 0 0 0 9 1 1 1 0 0 0 6 0 2 1 0 0 0 0 0 0 0 5 16 0 0 0 0 0 0 1 0 0 0 3 0 0 0 2 0 0 0 1 0 0 0 0 0 0 0 0 0
0 0 0 0 0 9 1 1 1 0 0 0 6 0 2 1 1 0 0 0 0 0 0 4 19 0 0 0 0 0 0 1 0 0 0 3 0 0 0 2 0 0 0 1 0 0 0 0 0 0 1 0 0
0 0 0 0 0 9 1 1 1 0 0 0 6 0 2 1 0 0 0 0 1 0 0 4 16 0 0 0 0 0 0 1 0 0 0 3 0 0 0 2 0 0 0 1 0 0 0 0 0 0 0 0 0
0 0 0 0 0 9 1 1 1 0 0 0 6 0 2 1 0 0 0 0 1 0 0 4 16 0 0 0 0 0 0 1 0 0 0 3 0 0 0 2 0 0 0 1 0 0 0 0 0 0 0 0 0
0 0 0 0 0 9 1 1 1 0 0 0 6 0 2 1 0 1 0 0 0 0 0 4 16 0 0 0 0 0 0 1 0 0 0 3 0 0 0 2 0 0 0 1 0 0 0 0 0 0 0 0 0
0 0 0 0 0 9 1 1 1 0 0 0 6 0 2 1 0 1 0 0 1 0 0 3 16 0 0 0 0 0 0 1 0 0 0 3 0 0 0 2 0 0 0 1 0 0 0 0 0 0 0 0 0
0 0 0 0 0 9 1 1 1 0 0 0 6 0 2 1 0 1 0 0 0 0 0 4 16 0 0 0 0 0 0 1 0 0 0 3 0 0 0 2 0 0 0 1 0 0 0 0 0 0 0 0 0
1 0 0 0 0 9 1 1 1 0 0 0 6 0 2 1 0 0 0 0 0 0 0 4 16 0 0 0 0 0 0 1 0 0 0 3 0 0 0 2 0 0 0 1 0 0 0 0 0 0 0 0 0
0 0 0 0 0 9 1 1 1 0 0 0 6 0 2 1 0 0 0 0 0 0 0 4 16 0 0 0 1 0 0 1 0 0 0 3 0 0 0 2 0 0 0 1 0 0 0 0 0 0 0 0 0
0 0 0 0 0 9 1 1 1 0 0 1 6 0 2 1 0 0 0 0 0 3 0 4 16 0 0 0 0 0 0 1 0 0 0 3 0 0 0 2 0 0 0 1 0 0 0 0 0 0 0 0 0
0 0 0 0 0 9 1 1 1 0 0 0 6 0 2 1 0 0 0 0 0 0 0 4 16 0 0 0 0 0 0 1 0 0 0 4 0 0 0 2 2 0 0 1 0 0 0 0 0 0 0 0 0
0 0 0 0 0 9 1 1 1 0 0 0 5 0 2 1 0 1 0 0 0 0 0 4 14 0 0 0 0 0 0 1 0 0 0 3 0 0 0 2 0 0 0 1 0 0 0 0 0 0 0 0 0
0 0 0 0 0 9 1 1 1 0 0 0 5 0 2 1 0 1 0 0 0 0 0 4 14 0 0 0 0 0 0 1 0 0 0 3 0 0 0 2 0 0 0 1 0 0 0 0 0 0 0 0 0
0 0 0 0 0 10 2 1 1 0 0 0 3 0 2 1 0 1 0 0 0 0 0 7 9 0 0 0 0 0 0 1 0 0 0 3 0 0 0 2 0 0 0 1 0 0 0 0 0 0 0 0 0
0 0 0 0 0 9 1 1 1 0 0 0 6 0 2 1 0 1 0 0 0 0 0 4 16 0 0 0 0 0 0 1 0 0 0 3 0 0 0 2 0 0 0 1 0 0 0 0 0 0 0 0 0
0 0 0 0 0 9 1 1 1 0 0 0 6 0 2 1 0 1 0 0 0 0 0 4 16 0 0 0 0 0 0 1 0 0 0 3 0 0 0 2 0 0 0 1 0 0 0 0 0 0 0 0 0
0 0 0 0 0 9 1 1 1 0 0 0 6 0 2 1 0 1 0 0 0 0 0 4 16 0 0 0 0 0 0 1 0 0 0 3 0 0 0 2 0 0 0 1 0 0 0 0 0 0 0 0 0
0 0 0 0 0 9 1 1 1 0 0 0 7 0 2 1 0 1 0 0 0 0 0 4 14 0 0 0 0 0 0 1 0 0 0 3 0 0 0 2 0 0 0 1 0 0 0 0 0 0 0 0 0
0 0 0 0 0 9 1 1 1 0 0 0 8 0 2 1 0 1 0 0 0 0 0 4 20 0 0 0 0 0 0 1 0 0 0 3 0 0 0 2 0 0 0 1 0 0 0 0 0 0 0 0 0
0 0 0 0 0 9 1 1 1 0 0 0 9 0 2 1 0 1 0 0 0 0 0 4 18 0 0 0 0 0 0 1 0 0 0 3 0 0 0 2 0 0 0 1 0 0 0 0 0 0 0 0 0
0 0 0 0 0 9 1 1 1 0 0 0 10 0 2 1 0 1 0 0 0 0 0 4 20 0 0 0 0 0 0 1 0 0 0 3 0 0 0 2 0 0 0 1 0 0 0 0 0 0 0 0 0
0 0 0 0 0 9 1 1 1 0 0 0 11 0 2 1 0 1 0 0 0 0 0 4 22 0 0 0 0 0 0 1 0 0 0 3 0 0 0 2 0 0 0 1 0 0 0 0 0 0 0 0 0
0 0 0 0 0 15 2 1 1 0 0 0 3 0 2 1 0 1 0 0 0 0 0 9 9 0 0 0 0 0 0 1 0 0 0 3 0 0 0 2 0 0 0 1 0 0 0 0 0 0 0 0 0
0 0 0 0 0 15 1 1 1 1 0 0 3 0 2 0 0 1 0 0 0 0 0 9 7 0 0 0 0 0 0 1 0 0 0 3 0 0 0 2 0 0 0 1 0 0 0 0 0 0 0 0 0
0 0 0 0 0 9 1 1 1 0 0 0 0 0 2 0 0 0 0 0 0 0 0 5 5 2 0 0 0 0 0 1 0 0 0 4 0 0 0 2 0 0 0 0 0 0 0 0 0 0 0 0 0
0 0 0 0 0 9 1 1 1 0 0 0 1 0 2 1 0 0 0 0 0 0 0 5 10 0 0 0 0 0 0 1 0 0 0 3 0 0 0 2 0 0 0 1 0 0 0 0 0 0 0 0 0
0 0 0 0 0 9 1 1 1 0 0 0 1 0 2 1 0 1 0 0 0 0 0 4 10 0 0 0 0 0 0 1 0 0 0 3 0 0 0 2 0 0 0 1 0 0 0 0 0 0 0 0 0
0 0 0 0 0 9 1 1 1 0 0 0 1 0 2 1 0 1 0 0 0 0 0 4 10 0 0 0 0 0 0 1 0 0 0 3 0 0 0 2 0 0 0 1 0 0 0 0 0 0 0 0 0
0 0 0 0 0 9 1 1 1 0 0 0 1 0 2 1 0 1 0 0 0 0 0 4 10 0 0 0 0 0 0 1 0 0 0 3 0 0 0 2 0 0 0 1 0 0 0 0 0 0 0 0 0
0 0 0 0 0 9 1 1 1 0 0 0 1 0 2 1 0 1 0 0 0 0 0 4 10 0 0 0 0 0 0 1 0 0 0 3 0 0 0 2 0 0 0 1 0 0 0 0 0 0 0 0 0
0 0 0 0 0 9 1 1 1 0 0 0 1 0 2 1 0 0 0 0 1 0 0 4 10 0 0 0 0 0 0 1 0 0 0 3 0 0 0 2 0 0 0 1 0 0 0 0 0 0 0 0 0
0 0 0 0 0 9 1 1 1 0 0 0 1 0 2 1 0 0 0 0 1 0 0 4 10 0 0 0 0 0 0 1 0 0 0 3 0 0 0 2 0 0 0 1 0 0 0 0 0 0 0 0 0
0 0 0 0 0 9 1 1 1 0 0 0 1 0 2 1 0 0 0 0 1 0 0 4 10 0 0 0 0 0 0 1 0 0 0 3 0 0 0 2 0 0 0 1 0 0 0 0 0 0 0 0 0
0 0 0 0 0 9 1 1 1 0 0 0 2 0 2 1 0 1 0 0 0 0 0 4 8 0 0 0 0 0 0 1 0 0 0 3 0 0 0 2 0 0 0 1 0 0 0 0 0 0 0 0 0
0 0 0 0 0 9 1 1 1 0 0 0 3 0 2 1 0 1 0 0 0 0 0 4 10 0 0 0 0 0 0 1 0 0 0 3 0 0 0 2 0 0 0 1 0 0 0 0 0 0 0 0 0
0 0 0 0 0 9 1 1 1 0 0 0 5 0 2 1 0 1 0 0 0 0 0 4 14 0 0 0 0 0 0 1 0 0 0 3 0 0 0 2 0 0 0 1 0 0 0 0 0 0 0 0 0
0 0 0 0 0 9 1 1 1 0 0 0 6 0 2 1 0 1 0 0 0 0 0 4 12 0 0 0 0 0 0 1 0 0 0 3 0 0 0 2 0 0 0 1 0 0 0 0 0 0 0 0 0
0 0 0 0 0 9 1 1 1 0 0 0 8 0 2 1 0 1 0 0 0 0 0 4 16 0 0 0 0 0 0 1 0 0 0 3 0 0 0 2 0 0 0 1 0 0 0 0 0 0 0 0 0
0 0 0 0 0 15 2 1 1 0 0 0 2 0 2 1 0 1 0 0 0 0 0 9 7 0 0 0 0 0 0 1 0 0 0 3 0 0 0 2 0 0 0 1 0 0 0 0 0 0 0 0 0
0 0 0 0 0 9 1 1 1 0 0 0 5 0 2 1 0 0 0 0 1 0 0 4 14 0 0 0 0 0 0 1 0 0 0 3 0 0 0 2 0 0 0 1 0 0 0 0 0 0 0 0 0
0 0 0 0 0 9 1 1 1 0 0 0 5 0 2 1 0 1 0 0 1 0 0 3 14 0 0 0 0 0 0 1 0 0 0 3 0 0 0 2 0 0 0 1 0 0 0 0 0 0 0 0 0
1 0 0 0 0 9 1 1 1 0 0 0 5 0 2 1 0 0 0 0 0 0 0 4 14 0 0 0 0 0 0 1 0 0 0 3 0 0 0 2 0 0 0 1 0 0 0 0 0 0 0 0 0
0 0 0 0 0 9 1 1 1 0 0 0 5 0 2 1 0 0 0 0 0 0 0 4 14 0 0 0 1 0 0 1 0 0 0 3 0 0 0 2 0 0 0 1 0 0 0 0 0 0 0 0 0
0 0 0 0 0 9 1 1 1 0 0 0 5 0 2 1 0 0 0 0 0 0 0 5 14 0 0 0 0 0 0 1 0 0 0 3 0 0 0 2 0 0 0 1 0 0 0 0 0 0 0 0 0
0 0 0 0 0 7 0 1 2 1 0 1 2 0 4 0 0 1 0 0 0 0 0 5 12 0 0 0 0 0 0 5 0 0 0 1 2 0 0 2 0 0 0 0 1 0 0 0 0 0 0 0 0
0 0 0 0 0 9 0 0 2 1 1 1 3 0 4 0 0 1 0 0 0 0 0 4 16 0 0 0 0 0 0 4 0 0 0 1 2 0 0 2 0 0 0 0 1 0 0 0 0 0 1 2 0
0 0 0 0 0 10 0 0 2 0 0 2 0 0 0 0 0 0 0 0 0 3 0 6 3 0 0 0 0 0 0 3 0 1 0 0 0 1 0 0 0 0 0 0 0 0 0 0 0 0 0 0 0
0 0 0 0 0 16 0 0 2 0 0 0 0 0 0 0 0 0 0 0 0 0 0 10 0 1 0 0 0 0 0 1 0 0 1 2 0 0 0 1 0 0 0 0 0 0 0 0 0 0 0 0 0
0 0 0 0 0 16 0 0 2 0 0 0 0 0 0 1 0 0 0 0 0 0 0 9 3 1 0 0 0 0 0 1 0 0 1 2 0 0 0 1 0 0 0 1 0 0 0 0 0 0 0 0 0
0 0 0 0 0 16 0 0 2 0 0 0 0 0 0 0 0 1 0 0 0 0 0 9 0 1 0 0 0 0 0 1 0 0 1 2 0 0 0 1 0 0 0 0 0 0 0 0 0 0 0 0 0
0 0 0 0 0 22 1 0 2 0 0 0 0 0 1 0 0 0 0 0 0 0 0 15 2 0 0 0 0 0 0 1 0 0 0 2 0 1 0 1 0 0 0 0 0 0 0 0 0 0 0 0 0
0 0 0 0 0 22 1 0 2 0 0 0 0 0 1 1 0 0 0 0 0 0 0 14 5 0 0 0 0 0 0 1 0 0 0 2 0 1 0 1 0 0 0 1 0 0 0 0 0 0 0 0 0
0 0 0 0 0 22 1 0 2 0 0 0 0 0 1 0 0 1 0 0 0 0 0 14 2 0 0 0 0 0 0 1 0 0 0 2 0 1 0 1 0 0 0 0 0 0 0 0 0 0 0 0 0
0 0 0 0 0 22 1 0 2 0 0 0 0 0 1 0 0 0 0 0 1 0 0 14 2 0 0 0 0 0 0 1 0 0 0 2 0 1 0 1 0 0 0 0 0 0 0 0 0 0 0 0 0
0 0 0 0 0 16 0 1 1 0 0 0 0 0 0 0 0 0 0 0 0 0 0 10 0 0 1 0 0 0 0 2 0 0 1 1 0 0 0 0 0 0 0 1 0 0 0 0 0 0 0 0 0
0 0 0 0 0 16 0 1 1 0 0 0 0 0 0 1 0 0 0 0 0 0 0 9 3 0 1 0 0 0 0 2 0 0 1 1 0 0 0 0 0 0 0 2 0 0 0 0 0 0 0 0 0
0 0 0 0 0 16 0 1 1 0 0 0 0 0 0 0 0 1 0 0 0 0 0 9 0 0 1 0 0 0 0 2 0 0 1 1 0 0 0 0 0 0 0 1 0 0 0 0 0 0 0 0 0
0 0 0 0 0 16 0 1 1 0 0 0 0 0 0 0 0 0 0 0 1 0 0 9 0 0 1 0 0 0 0 2 0 0 1 1 0 0 0 0 0 0 0 1 0 0 0 0 0 0 0 0 0
0 0 0 0 0 16 0 1 1 0 0 0 0 0 0 0 0 0 0 0 0 0 0 10 0 0 0 1 0 0 0 2 0 0 1 1 0 0 0 0 0 0 0 0 0 0 0 0 0 0 1 0 0
0 0 0 0 0 16 0 1 1 0 0 0 0 0 0 0 0 1 0 0 0 0 0 10 0 0 0 0 0 0 0 2 0 0 1 1 0 0 0 0 0 0 0 0 0 0 0 0 0 0 0 0 0
0 0 0 0 0 16 0 1 0 0 0 1 6 0 1 0 0 0 0 0 0 0 0 10 13 1 0 0 0 0 0 1 0 0 0 0 1 0 0 0 0 0 0 0 0 0 0 0 0 0 0 0 0
0 0 0 0 0 16 0 1 0 0 0 1 6 0 1 0 0 0 0 0 0 0 0 10 13 1 0 0 0 0 0 1 0 0 0 0 1 0 0 0 0 0 0 0 0 0 0 0 0 0 0 0 0
0 0 0 0 0 10 0 1 0 0 0 0 0 0 0 1 0 0 0 0 0 0 0 6 3 0 0 0 0 0 0 1 0 0 0 0 0 0 0 1 0 0 0 1 0 0 0 0 0 0 0 0 0
0 0 0 0 0 10 0 1 0 0 0 0 0 0 0 0 0 0 0 0 0 0 0 6 0 0 1 0 0 0 0 1 0 0 0 0 0 0 0 1 0 0 0 1 0 0 0 0 0 0 0 0 0
0 0 0 0 0 10 0 1 0 0 0 0 0 0 0 0 0 0 0 0 0 0 0 7 0 0 0 0 0 0 0 1 0 0 0 0 0 0 0 1 0 0 0 0 0 0 0 0 0 0 0 0 0
0 0 0 0 0 10 0 1 0 0 0 0 0 0 0 1 0 0 0 0 0 0 0 6 3 0 0 0 0 0 0 1 0 0 0 0 0 0 0 1 0 0 0 1 0 0 0 0 0 0 0 0 0
0 0 0 0 0 9 0 1 0 0 0 0 0 0 0 0 0 0 0 0 0 0 0 7 0 0 0 0 0 0 0 1 0 0 0 0 0 0 0 0 0 0 0 0 0 0 0 0 0 0 0 0 0
0 0 0 0 0 10 0 1 0 0 0 0 0 0 0 3 0 0 0 0 0 0 0 4 9 0 0 0 0 0 0 1 0 0 0 0 0 0 0 1 0 0 0 3 0 0 0 0 0 0 0 0 0
0 0 0 0 0 6 0 0 0 0 0 2 1 0 1 0 0 0 0 0 0 0 0 2 6 1 2 0 0 0 0 0 0 0 0 0 1 0 0 0 0 0 0 2 0 0 0 0 0 0 0 0 0
0 0 0 0 0 6 0 0 0 0 0 2 1 0 1 2 0 0 0 0 0 0 0 2 12 1 0 0 0 0 0 0 0 0 0 0 1 0 0 0 0 0 0 2 0 0 0 0 0 0 0 0 0
0 0 0 0 0 6 1 0 0 0 0 2 1 0 1 0 0 0 0 0 0 0 0 4 5 1 1 0 0 0 0 0 0 0 0 0 1 0 0 1 0 0 0 1 0 0 0 0 0 0 0 0 0
0 0 0 0 0 6 1 0 0 0 0 2 1 0 1 1 0 0 0 0 0 0 0 4 8 1 0 0 0 0 0 0 0 0 0 0 1 0 0 1 0 0 0 1 0 0 0 0 0 0 0 0 0
0 0 0 0 0 6 1 0 0 0 0 2 1 0 1 3 0 0 0 0 0 0 0 2 14 1 0 0 0 0 0 0 0 0 0 0 1 0 0 1 0 0 0 3 0 0 0 0 0 0 0 0 0
0 0 0 0 0 6 1 0 0 0 0 2 1 0 1 0 0 0 0 0 0 0 0 2 5 1 3 0 0 0 0 0 0 0 0 0 1 0 0 1 0 0 0 3 0 0 0 0 0 0 0 0 0
0 0 0 0 0 8 0 0 1 0 0 1 1 0 2 0 0 0 0 0 0 0 0 4 10 1 1 0 0 0 0 0 0 0 0 1 1 0 0 0 0 0 0 1 0 0 0 0 0 0 0 0 0
0 0 0 0 0 8 0 0 1 0 0 1 1 0 2 0 0 0 0 0 0 0 0 5 10 1 0 0 0 0 0 0 0 0 0 1 1 0 0 0 0 0 0 0 0 0 0 0 0 0 0 0 0
0 0 0 0 0 8 1 0 1 0 0 1 1 0 2 1 0 0 0 0 0 0 0 5 12 1 0 0 0 0 0 0 0 0 0 1 1 0 0 1 0 0 0 1 0 0 0 0 0 0 0 0 0
0 0 0 0 0 17 1 1 2 0 0 0 0 0 0 1 1 0 0 0 0 0 0 12 5 0 0 0 0 0 0 2 0 0 0 0 0 1 0 0 0 0 0 1 0 0 0 0 0 0 1 0 0
0 0 0 0 0 17 1 1 2 0 0 0 0 0 0 1 1 1 0 0 0 0 0 11 5 0 0 0 0 0 0 2 0 0 0 0 0 1 0 0 0 0 0 1 0 0 0 0 0 0 1 0 0
0 0 0 0 0 17 0 1 2 1 0 0 0 0 0 2 0 0 0 0 0 0 0 11 6 0 0 0 0 0 0 2 0 0 0 0 0 1 0 0 0 0 0 3 0 0 0 0 0 0 0 0 0
0 0 0 0 0 17 0 1 2 1 0 0 0 0 0 2 0 0 0 0 0 0 0 11 6 0 0 0 0 0 0 2 0 0 0 0 0 1 0 0 0 0 0 3 0 0 0 0 0 0 0 0 0
0 0 0 0 0 17 1 1 2 0 0 1 0 0 0 1 1 0 0 0 0 0 0 11 8 0 0 0 0 0 0 2 0 0 0 0 0 1 0 0 0 0 0 1 0 0 0 0 0 0 1 0 0
0 0 0 0 0 17 1 1 2 0 0 0 0 0 0 2 1 0 0 0 0 0 0 11 8 0 0 0 0 0 0 2 0 0 0 0 0 1 0 0 0 0 0 2 0 0 0 0 0 0 1 0 0
0 0 0 0 0 17 1 1 2 0 0 0 0 0 0 2 1 0 0 0 0 0 0 11 8 0 0 0 0 0 0 2 0 0 0 0 0 1 0 0 0 0 0 2 0 0 0 0 0 0 1 0 0
0 0 0 0 0 17 1 1 2 0 0 0 0 0 0 1 1 0 0 0 0 0 0 11 5 0 0 0 0 0 0 2 0 0 0 1 0 1 0 0 2 0 0 1 0 0 0 0 0 0 1 0 0
0 0 0 0 0 17 1 1 2 0 0 0 0 0 0 1 1 0 0 0 0 0 0 11 5 2 0 0 0 0 0 2 0 0 0 1 0 1 0 0 0 0 0 1 0 0 0 0 0 0 1 0 0
0 0 0 0 0 17 1 1 2 0 0 0 0 0 0 3 0 0 0 0 0 0 0 11 8 0 0 0 0 0 0 2 0 0 0 0 0 1 0 0 0 0 0 3 0 0 0 0 0 0 0 0 0
0 0 0 0 0 17 1 1 2 0 0 0 0 0 0 1 1 0 0 0 0 0 0 11 5 2 0 0 0 0 0 2 0 0 0 1 0 1 0 0 0 0 0 1 0 0 0 0 0 0 1 0 0
0 0 0 0 0 17 1 1 2 0 0 0 0 0 1 2 0 0 0 0 0 0 0 11 8 1 0 0 0 0 0 2 0 0 0 1 0 1 0 0 0 0 0 2 0 0 0 0 0 0 0 0 0
0 0 0 0 0 17 1 1 2 0 0 0 0 0 0 2 1 0 0 0 1 0 0 10 8 0 0 0 0 0 0 2 0 0 0 0 0 1 0 0 0 0 0 2 0 0 0 0 0 0 1 0 0
0 0 0 0 0 11 0 1 2 0 0 1 0 0 0 1 0 0 0 0 1 0 0 6 6 0 0 0 0 0 0 2 0 0 0 0 0 1 0 0 0 0 0 1 0 0 0 0 0 0 0 0 0
0 0 0 0 0 15 1 2 2 0 0 0 0 0 1 2 0 0 0 0 0 0 0 10 8 1 0 0 0 0 0 3 0 0 0 1 0 1 0 0 0 0 0 2 0 0 0 0 0 0 0 0 0
0 0 0 0 0 17 1 1 2 0 0 0 0 0 0 2 1 0 0 0 1 0 0 10 8 0 0 0 0 0 0 2 0 0 0 0 0 1 0 0 0 0 0 2 0 0 0 0 0 0 1 0 0
0 0 0 0 0 17 0 1 2 1 0 0 0 0 0 2 0 0 0 0 1 0 0 10 6 0 0 0 0 0 0 2 0 0 0 0 0 1 0 0 0 0 0 3 0 0 0 0 0 0 0 0 0
0 0 0 0 0 17 1 1 2 0 0 0 0 0 1 2 0 0 0 0 1 0 0 10 8 1 0 0 0 0 0 2 0 0 0 1 0 1 0 0 0 0 0 2 0 0 0 0 0 0 0 0 0
0 0 0 0 0 17 1 1 2 0 0 1 0 0 0 2 1 0 0 0 0 3 0 10 8 0 0 0 0 0 0 2 0 0 0 0 0 1 0 0 0 0 0 2 0 0 0 0 0 0 1 0 0
0 0 0 0 0 17 1 1 3 1 0 1 0 0 0 1 0 0 0 0 0 0 0 11 8 1 0 0 0 0 0 2 0 0 0 0 1 1 0 1 0 0 0 2 0 0 0 0 0 0 0 0 0
0 0 0 0 0 17 1 1 2 0 0 0 0 0 1 2 0 0 0 0 0 0 0 10 8 1 0 0 0 0 0 2 0 0 0 2 0 1 0 0 2 0 0 2 0 0 0 0 0 0 0 0 0
0 0 0 0 0 17 1 1 2 0 0 1 0 0 1 2 0 0 0 0 0 0 0 10 11 1 0 0 0 0 0 2 0 0 0 1 0 1 0 0 0 0 0 2 0 0 0 0 0 0 0 0 0
0 0 0 0 0 17 1 1 2 0 0 0 0 0 1 2 0 0 0 0 1 0 0 10 8 1 0 0 0 0 0 2 0 0 0 1 0 1 0 0 0 0 0 2 0 0 0 0 0 0 0 0 0
0 0 0 0 0 17 1 1 2 0 0 0 0 0 1 2 0 0 0 0 0 0 0 10 8 3 0 0 0 0 0 2 0 0 0 2 0 1 0 0 0 0 0 2 0 0 0 0 0 0 0 0 0
0 0 0 0 0 17 1 1 2 0 0 0 0 0 1 2 0 0 0 0 0 0 0 10 8 3 0 0 0 0 0 2 0 0 0 2 0 1 0 0 0 0 0 2 0 0 0 0 0 0 0 0 0
0 0 0 0 0 11 1 1 3 0 0 1 0 0 0 0 0 1 0 0 0 0 0 7 5 1 0 0 0 0 0 2 0 0 0 0 1 1 0 1 0 0 0 0 0 0 0 0 0 0 0 0 0
0 0 0 0 0 18 0 1 3 0 0 2 0 0 0 0 0 0 0 0 1 0 0 11 5 1 0 0 0 0 0 2 0 0 0 0 1 1 0 1 0 0 0 0 0 0 0 0 0 0 0 0 0
0 0 0 0 0 18 0 1 3 0 0 1 0 0 0 0 0 0 0 0 0 0 0 13 2 1 0 0 0 0 0 2 0 0 0 0 1 1 0 1 0 0 0 0 0 0 0 0 0 0 0 0 0
0 0 0 0 0 5 0 1 0 0 0 0 0 0 0 0 0 0 0 0 0 0 0 5 0 0 0 0 0 0 0 1 0 0 0 0 0 0 0 1 0 0 0 0 0 0 0 0 0 0 0 0 0
0 0 0 0 0 5 0 1 0 0 0 0 0 0 0 0 0 0 0 0 0 0 0 5 0 0 0 0 0 0 0 1 0 0 0 0 0 0 0 1 0 0 0 0 0 0 0 0 0 0 0 0 0
0 0 0 0 0 5 0 1 0 0 0 1 0 0 0 0 0 0 0 0 0 0 0 4 3 0 0 0 0 0 0 1 0 0 0 0 0 0 0 1 0 0 0 0 0 0 0 0 0 0 0 0 0
0 0 0 0 0 1 1 1 0 0 0 2 1 0 1 0 0 0 0 0 0 0 0 1 5 2 1 0 0 0 0 1 0 0 0 2 1 0 0 1 0 0 0 1 0 0 0 0 0 0 0 0 0
0 0 0 0 0 7 2 1 0 0 0 2 1 0 1 0 0 0 0 0 0 0 0 6 4 2 1 0 0 0 0 1 0 0 0 2 1 0 0 1 0 0 0 1 0 0 0 0 0 0 0 0 0
0 0 0 0 0 7 2 1 0 0 0 2 1 0 1 1 0 0 0 0 0 0 0 6 7 2 0 0 0 0 0 1 0 0 0 2 1 0 0 1 0 0 0 1 0 0 0 0 0 0 0 0 0
0 0 0 0 0 5 0 2 0 0 0 0 0 0 0 1 0 0 0 0 0 0 0 3 3 1 0 0 0 0 0 2 0 0 0 2 0 0 0 1 0 0 0 1 0 0 0 0 0 0 0 0 0
0 0 0 0 0 12 0 2 0 0 0 0 0 0 0 1 0 0 0 0 0 0 0 7 3 1 0 0 0 0 0 2 0 0 0 2 0 0 0 1 0 0 0 1 0 0 0 0 0 0 0 0 0
0 0 0 0 0 14 1 0 2 0 0 3 3 0 2 0 0 0 0 0 0 0 0 9 11 0 0 0 0 0 0 0 0 0 0 1 1 0 0 1 0 0 0 0 0 0 0 0 0 0 0 0 0
0 0 0 0 0 14 2 0 2 0 0 3 3 0 2 1 0 0 0 0 0 0 0 9 13 0 0 0 0 0 0 0 0 0 0 1 1 0 0 2 0 0 0 1 0 0 0 0 0 0 0 0 0
0 0 0 0 0 14 0 1 2 0 0 0 0 0 0 0 0 0 0 0 0 0 0 8 0 0 0 0 0 0 0 1 0 0 0 1 0 0 0 1 0 0 0 0 0 0 0 0 0 0 0 0 0
0 0 0 0 0 15 0 1 2 0 0 0 0 0 0 1 0 0 0 0 0 0 0 7 3 0 0 0 0 0 0 1 0 0 0 1 0 0 0 2 0 0 0 1 0 0 0 0 0 0 0 0 0
0 0 0 0 0 15 1 1 1 0 0 0 0 0 1 1 0 0 0 0 0 0 0 7 5 0 0 0 0 0 0 1 0 0 0 1 0 0 0 2 0 0 0 1 0 0 0 0 0 0 0 0 0
0 0 0 0 0 12 0 1 1 0 0 0 0 0 1 0 0 0 0 0 0 0 0 6 3 2 0 0 0 0 0 1 0 0 0 2 0 0 0 1 0 0 0 0 0 0 0 0 0 0 0 0 0
0 0 0 0 0 12 0 1 1 0 0 1 1 0 0 3 0 0 0 0 0 0 0 3 14 1 0 0 0 0 0 1 0 0 0 1 0 0 0 1 0 0 0 3 0 0 0 0 0 0 0 0 0
0 0 0 0 0 12 0 1 1 0 0 0 0 0 0 1 0 0 0 0 0 0 0 6 3 1 0 0 0 0 0 1 0 0 0 1 0 0 0 1 0 0 0 1 0 0 0 0 0 0 0 0 0
0 0 0 0 0 11 0 1 1 0 0 0 3 0 0 1 0 0 0 0 0 0 0 6 9 1 0 0 0 0 0 1 0 0 0 1 0 0 0 0 0 0 0 1 0 0 0 0 0 0 0 0 0
0 0 0 0 0 11 0 1 1 0 0 0 3 0 0 1 0 0 0 0 0 0 0 6 9 1 0 0 0 0 0 1 0 0 0 1 0 0 0 0 0 0 0 1 0 0 0 0 0 0 0 0 0
0 0 0 0 0 11 0 1 1 0 0 0 4 0 0 1 0 0 0 0 0 0 0 6 11 1 0 0 0 0 0 1 0 0 0 1 0 0 0 0 0 0 0 1 0 0 0 0 0 0 0 0 0
0 0 0 0 0 11 0 1 1 0 0 0 4 0 0 1 0 0 0 0 0 0 0 6 11 1 0 0 0 0 0 1 0 0 0 1 0 0 0 0 0 0 0 1 0 0 0 0 0 0 0 0 0
0 0 0 0 0 17 1 1 1 0 0 0 0 0 0 1 0 0 0 0 0 0 0 11 2 1 0 0 0 0 0 1 0 0 0 1 0 0 0 0 0 0 0 1 0 0 0 0 0 0 0 0 0
0 0 0 0 0 12 0 1 1 0 0 1 3 0 0 0 0 0 0 0 0 0 0 6 9 1 0 0 0 0 0 1 0 0 0 1 0 0 0 1 0 0 0 0 0 0 0 0 0 0 0 0 0
0 0 0 0 0 12 0 1 1 0 0 0 1 0 0 1 0 0 0 0 0 0 0 6 5 1 0 0 0 0 0 1 0 0 0 1 0 0 0 1 0 0 0 1 0 0 0 0 0 0 0 0 0
0 0 0 0 0 12 0 1 1 0 0 0 4 0 0 1 0 0 0 0 0 0 0 6 11 1 0 0 0 0 0 1 0 0 0 1 0 0 0 1 0 0 0 1 0 0 0 0 0 0 0 0 0
0 0 0 0 0 12 0 1 1 0 0 0 3 0 0 1 0 0 0 0 0 0 0 6 9 1 0 0 0 0 0 1 0 0 0 1 0 0 0 1 0 0 0 1 0 0 0 0 0 0 0 0 0
0 0 0 0 0 12 0 1 1 0 0 1 1 0 0 1 0 0 0 0 0 0 0 4 8 1 1 0 0 0 0 1 0 0 0 1 0 0 0 1 0 0 0 2 0 0 0 0 0 0 0 0 0
0 0 0 0 0 12 0 1 1 0 0 1 1 0 0 1 0 0 0 0 0 0 0 5 8 1 0 0 0 0 0 1 0 0 0 1 0 0 0 1 0 0 0 1 0 0 0 0 0 0 0 0 0
0 0 0 0 0 19 0 1 1 0 0 0 0 0 0 1 0 0 0 0 0 0 0 10 3 1 0 0 0 0 0 1 0 0 0 1 0 0 0 1 0 0 0 1 0 0 0 0 0 0 0 0 0
0 1 1 0 0 11 0 1 1 0 0 0 0 0 0 0 0 0 0 0 0 0 1 6 0 1 0 0 0 0 0 1 0 0 0 1 0 0 0 0 0 0 0 0 0 0 0 0 0 0 0 0 0
0 0 0 0 0 11 0 1 1 0 0 1 0 0 0 0 0 0 0 0 0 0 0 6 3 1 0 0 0 0 0 1 0 0 0 1 0 0 0 0 0 0 0 0 0 0 0 0 0 0 0 0 0
0 0 0 0 0 12 0 1 1 0 0 0 0 0 0 0 0 0 0 0 0 0 0 6 0 1 1 0 0 0 0 1 0 0 0 1 0 0 0 1 0 0 0 1 0 0 0 0 0 0 0 0 0
0 0 0 0 0 12 0 1 1 0 0 1 0 0 0 0 0 0 0 0 0 0 0 6 3 1 0 0 0 0 0 1 0 0 0 1 0 0 0 1 0 0 0 0 0 0 0 0 0 0 0 0 0
0 0 0 0 0 12 0 1 1 0 0 0 0 0 0 0 0 0 0 0 0 0 0 7 0 1 0 0 0 0 0 1 0 0 0 1 0 0 0 1 0 0 0 0 0 0 0 0 0 0 0 0 0
0 0 0 0 0 12 0 1 1 0 0 0 0 0 0 1 0 0 0 0 0 0 0 5 3 1 1 0 0 0 0 1 0 0 0 1 0 0 0 1 0 0 0 2 0 0 0 0 0 0 0 0 0
0 0 0 0 0 12 0 1 1 0 0 0 2 0 0 1 0 0 0 0 0 0 0 6 7 1 0 0 0 0 0 1 0 0 0 1 0 0 0 1 0 0 0 1 0 0 0 0 0 0 0 0 0
0 0 0 0 0 12 0 1 1 0 0 0 0 0 1 1 0 0 0 0 0 0 0 6 6 0 0 0 0 0 0 1 0 0 0 1 0 0 0 1 0 0 0 1 0 0 0 0 0 0 0 0 0
0 0 0 0 0 11 0 1 1 0 0 1 0 0 0 0 0 0 0 0 0 0 0 6 2 1 1 0 0 0 0 1 0 0 0 1 0 0 0 0 0 0 0 0 1 0 0 0 0 0 0 0 0
0 0 0 0 0 11 0 1 1 0 0 1 1 0 0 0 0 0 0 0 0 0 0 6 4 1 1 0 0 0 0 1 0 0 0 1 0 0 0 0 0 0 0 0 1 0 0 0 0 0 0 0 0
0 0 0 0 0 11 0 1 1 0 0 0 2 0 0 1 0 0 0 0 0 0 0 6 7 1 0 0 0 0 0 1 0 0 0 1 0 0 0 0 0 0 0 1 0 0 0 0 0 0 0 0 0
0 0 0 0 0 11 0 1 1 0 0 0 3 0 0 1 0 0 0 0 0 0 0 6 9 1 0 0 0 0 0 1 0 0 0 1 0 0 0 0 0 0 0 1 0 0 0 0 0 0 0 0 0
0 0 0 0 0 12 0 1 1 0 0 1 2 0 0 0 0 0 0 0 0 0 0 6 7 1 0 0 0 0 0 1 0 0 0 1 0 0 0 1 0 0 0 0 0 0 0 0 0 0 0 0 0
0 0 0 0 0 11 0 1 1 0 0 1 3 0 0 0 0 0 0 0 0 0 0 6 9 1 0 0 0 0 0 1 0 0 0 1 0 0 0 0 0 0 0 0 0 0 0 0 0 0 0 0 0
0 0 0 0 0 12 0 1 1 0 0 0 0 0 0 0 0 0 0 0 0 0 0 6 0 3 0 0 0 0 0 1 0 0 0 2 0 0 0 1 0 0 0 0 0 0 0 0 0 0 0 0 0
0 0 0 0 0 11 0 1 1 1 0 2 0 0 0 0 0 0 0 0 0 0 0 6 5 1 0 0 0 0 0 1 0 0 0 1 0 0 0 1 0 0 0 0 1 0 0 0 0 0 0 0 0
0 0 0 0 0 11 0 1 1 0 0 0 0 0 0 0 0 1 0 0 0 0 0 6 0 1 0 0 0 0 0 1 0 0 0 1 0 0 0 0 0 0 0 0 0 0 0 0 0 0 0 0 0
0 0 0 0 0 11 0 1 1 0 0 0 0 0 0 0 0 0 0 0 0 0 0 6 0 1 0 0 0 0 0 1 0 0 0 2 0 0 0 0 2 0 0 0 0 0 0 0 0 0 0 0 0
0 0 0 0 1 11 0 1 1 0 0 0 0 0 0 0 0 0 0 0 0 0 0 6 0 1 0 0 0 0 0 2 0 0 0 1 0 0 0 0 0 0 0 0 0 0 0 0 0 1 0 0 0
0 0 0 0 0 11 0 1 1 0 0 0 0 0 0 0 0 0 0 0 0 0 0 7 0 1 0 0 0 0 0 1 0 0 0 1 0 0 0 0 0 0 0 0 0 0 0 0 0 0 0 0 0
0 0 0 0 0 11 0 1 1 0 0 0 0 0 0 1 0 0 0 0 0 0 0 6 3 1 0 0 0 0 0 1 0 0 0 1 0 0 0 0 0 0 0 1 0 0 0 0 0 0 0 0 0
0 0 0 0 0 11 0 1 1 0 0 0 1 0 0 1 0 0 0 0 0 0 0 6 5 1 0 0 0 0 0 1 0 0 0 1 0 0 0 0 0 0 0 1 0 0 0 0 0 0 0 0 0
0 0 0 0 0 11 0 1 1 0 0 0 2 0 0 1 0 0 0 0 0 0 0 6 7 1 0 0 0 0 0 1 0 0 0 1 0 0 0 0 0 0 0 1 0 0 0 0 0 0 0 0 0
0 0 0 0 0 11 0 1 1 0 0 0 0 0 0 0 0 0 0 0 0 0 0 6 0 3 0 0 0 0 0 1 0 0 0 2 0 0 0 0 0 0 0 0 0 0 0 0 0 0 0 0 0
0 0 0 0 0 11 0 1 1 0 0 0 0 0 0 0 0 0 0 0 0 0 0 6 0 1 1 0 0 0 0 1 0 0 0 1 0 0 0 0 0 0 0 1 0 0 0 0 0 0 0 0 0
0 0 0 0 0 17 1 1 1 0 0 0 0 0 1 0 0 0 0 0 0 0 0 11 2 2 0 0 0 0 0 1 0 0 0 2 0 0 0 0 0 0 0 0 0 0 0 0 0 0 0 0 0
0 0 0 0 0 17 1 1 1 0 0 0 0 0 1 0 0 0 0 0 0 0 0 11 2 2 0 0 0 0 0 1 0 0 0 2 0 0 0 0 0 0 0 0 0 0 0 0 0 0 0 0 0
0 0 0 0 0 18 1 0 1 0 0 0 0 0 1 1 0 0 0 0 0 0 0 10 5 2 0 0 0 0 0 2 0 0 0 2 0 0 0 1 0 0 0 1 0 0 0 0 0 0 0 0 0
0 0 0 0 0 17 1 0 1 0 0 1 0 0 1 0 0 0 0 0 0 0 0 10 4 2 1 0 0 0 0 2 0 0 0 2 0 0 0 0 0 0 0 0 1 0 0 0 0 0 0 0 0
0 0 0 0 0 11 0 1 1 0 0 0 0 0 0 0 0 0 0 0 0 0 0 6 0 3 0 0 0 0 0 1 0 0 0 2 0 0 0 0 0 0 0 0 0 0 0 0 0 0 0 0 0
0 0 0 0 0 19 1 0 1 0 0 0 0 0 1 0 0 0 0 0 0 0 0 12 2 2 0 0 0 0 0 0 0 0 0 2 0 0 0 0 0 0 0 0 0 0 0 0 0 0 0 0 0
0 0 0 0 0 12 0 1 1 0 0 0 0 0 0 1 0 0 0 0 0 0 0 6 3 1 0 0 0 0 0 1 0 0 0 1 0 0 0 1 0 0 0 1 0 0 0 0 0 0 0 0 0
0 0 0 0 0 12 0 1 0 0 1 0 1 0 0 1 0 0 0 0 0 0 0 6 5 0 0 0 0 0 0 1 0 0 0 0 0 0 0 1 0 0 0 1 0 0 0 0 0 0 1 0 0
0 0 0 0 0 14 0 1 0 0 0 0 1 0 0 1 0 0 0 0 0 0 0 6 5 0 0 0 0 0 0 1 0 0 0 0 0 0 0 2 0 0 0 1 0 0 0 0 0 0 0 0 0
0 0 0 0 0 14 0 1 0 0 0 0 1 0 0 1 0 0 0 0 0 0 0 6 5 0 1 0 0 0 0 2 0 0 0 0 0 0 0 1 0 0 0 1 0 1 0 0 0 0 0 0 0
0 0 0 0 0 12 0 1 0 0 0 0 1 0 0 1 0 0 0 0 0 0 0 6 5 0 0 0 0 0 0 1 0 0 0 0 0 0 0 1 0 0 0 3 0 0 0 0 0 0 0 0 0
0 0 0 0 0 12 0 1 0 0 0 2 1 0 0 1 0 0 0 0 0 0 0 6 7 0 0 0 0 0 0 1 0 0 0 0 0 0 0 1 0 0 0 1 0 0 0 0 0 0 0 0 0
0 0 0 0 0 14 2 0 1 0 0 2 1 0 1 1 0 0 0 0 0 0 0 9 7 2 0 0 0 0 0 0 0 0 0 1 1 0 0 1 0 0 0 1 0 0 0 0 0 0 0 0 0
0 0 0 0 0 8 1 0 1 0 0 2 1 0 2 1 0 0 0 0 0 0 0 4 11 1 0 0 0 0 0 0 0 0 0 1 1 0 0 1 0 0 0 1 0 0 0 0 0 0 0 0 0
0 0 0 0 0 14 2 0 1 0 0 2 1 0 2 1 0 0 0 0 0 0 0 9 10 1 0 0 0 0 0 0 0 0 0 1 1 0 0 1 0 0 0 1 0 0 0 0 0 0 0 0 0
0 0 0 0 0 14 1 0 1 0 0 2 2 0 1 0 0 0 0 0 0 0 0 9 6 2 1 0 0 0 0 0 0 0 0 1 1 0 0 0 0 0 0 0 1 0 0 0 0 0 0 0 0
0 0 0 0 0 8 1 0 1 0 0 2 2 0 1 1 0 0 0 0 0 0 0 4 10 2 0 0 0 0 0 0 0 0 0 1 1 0 0 1 0 0 0 1 0 0 0 0 0 0 0 0 0
0 0 0 0 0 8 1 0 1 0 0 2 2 0 1 1 0 0 0 0 0 0 0 4 9 2 1 0 0 0 0 0 0 0 0 1 1 0 0 1 0 0 0 1 1 0 0 0 0 0 0 0 0
0 0 0 0 0 8 1 0 1 0 0 2 3 0 1 1 0 0 0 0 0 0 0 4 12 2 0 0 0 0 0 0 0 0 0 1 1 0 0 1 0 0 0 1 0 0 0 0 0 0 0 0 0
0 0 0 0 0 8 1 0 1 0 0 2 3 0 1 1 0 0 0 0 0 0 0 3 12 2 1 0 0 0 0 0 0 0 0 1 1 0 0 1 0 0 0 2 0 0 0 0 0 0 0 0 0
0 0 0 0 0 8 1 0 1 0 0 2 1 0 1 1 0 0 0 0 0 0 0 3 8 2 1 0 0 0 0 0 0 0 0 1 1 0 0 1 0 0 0 2 0 0 0 0 0 0 0 0 0
0 0 0 0 0 8 0 0 1 0 0 2 1 0 1 1 0 0 0 0 0 0 0 3 9 2 0 0 0 0 0 0 0 0 0 1 1 0 0 0 0 0 0 1 0 0 0 0 0 0 0 0 0
0 0 0 0 0 8 0 0 1 0 0 2 1 0 1 0 0 0 0 0 0 0 0 4 6 2 0 0 0 0 0 0 0 0 0 1 1 0 0 0 0 0 0 0 0 0 0 0 0 0 0 0 0
0 0 0 0 0 8 0 0 1 0 0 2 1 0 2 0 0 0 0 0 0 0 0 4 9 1 0 0 0 0 0 0 0 0 0 1 1 0 0 0 0 0 0 0 0 0 0 0 0 0 0 0 0
0 0 0 0 0 8 0 0 1 0 0 2 1 0 1 0 0 0 0 0 0 0 0 3 6 2 1 0 0 0 0 0 0 0 0 1 1 0 0 0 0 0 0 1 0 0 0 0 0 0 0 0 0
0 0 0 0 0 12 2 1 1 0 0 2 1 0 1 1 0 0 0 0 0 0 0 8 7 2 0 0 0 0 0 1 0 0 0 1 1 0 0 1 0 0 0 1 0 0 0 0 0 0 0 0 0
0 0 0 0 0 8 1 0 1 0 0 2 3 0 2 1 0 0 0 0 0 0 0 4 15 1 0 0 0 0 0 0 0 0 0 1 1 0 0 1 0 0 0 1 0 0 0 0 0 0 0 0 0
0 0 0 0 0 18 0 1 1 0 0 0 0 0 0 0 0 0 0 0 0 0 0 9 0 2 0 0 0 0 0 1 0 0 0 3 0 0 0 0 0 0 0 0 0 0 0 0 0 0 0 0 0
0 0 0 0 0 18 0 1 1 0 0 0 0 0 0 0 0 0 0 0 1 0 0 8 0 2 0 0 0 0 0 1 0 0 0 3 0 0 0 0 0 0 0 0 0 0 0 0 0 0 0 0 0
0 0 0 0 0 18 0 1 1 0 0 0 0 0 0 0 0 0 0 0 1 0 0 8 0 2 0 0 0 0 0 1 0 0 0 3 0 0 0 0 0 0 0 0 0 0 0 0 0 0 0 0 0
0 0 0 0 0 18 0 1 1 0 0 0 0 0 0 1 0 0 0 0 0 0 0 8 3 2 0 0 0 0 0 1 0 0 0 3 0 0 0 0 0 0 0 1 0 0 0 0 0 0 0 0 0
0 0 0 0 0 18 0 1 1 0 0 0 0 0 0 0 0 0 0 0 1 0 0 8 0 2 0 0 0 0 0 1 0 0 0 3 0 0 0 0 0 0 0 0 0 0 0 0 0 0 0 0 0
0 0 0 0 0 18 0 1 1 0 0 0 0 0 0 1 0 0 0 0 0 0 0 8 3 2 0 0 0 0 0 1 0 0 0 3 0 0 0 0 0 0 0 1 0 0 0 0 0 0 0 0 0
0 0 0 0 0 18 0 1 1 0 0 0 0 0 1 0 0 0 0 0 0 0 0 9 3 1 0 0 0 0 0 1 0 0 0 3 0 0 0 0 0 0 0 0 0 0 0 0 0 0 0 0 0
0 0 0 0 0 18 0 1 1 0 0 1 0 0 0 0 0 0 0 0 0 0 0 8 3 2 0 0 0 0 0 1 0 0 0 3 0 0 0 0 0 0 0 0 0 0 0 0 0 0 0 0 0
0 0 0 0 0 18 0 1 1 0 0 1 0 0 0 0 0 0 0 0 0 0 0 8 3 2 0 0 0 0 0 1 0 0 0 3 0 0 0 0 0 0 0 0 0 0 0 0 0 0 0 0 0
0 0 0 0 0 18 0 1 1 0 0 1 0 0 0 0 0 0 0 0 0 0 0 8 3 2 0 0 0 0 0 1 0 0 0 3 0 0 0 0 0 0 0 0 0 0 0 0 0 0 0 0 0
0 0 0 0 0 18 0 1 1 0 0 1 0 0 0 0 0 0 0 0 0 0 0 8 3 2 0 0 0 0 0 1 0 0 0 3 0 0 0 0 0 0 0 0 0 0 0 0 0 0 0 0 0
0 0 0 0 0 18 0 1 1 0 0 0 0 0 1 0 0 0 0 0 0 0 0 9 3 1 0 0 0 0 0 1 0 0 0 3 0 0 0 0 0 0 0 0 0 0 0 0 0 0 0 0 0
0 0 0 0 0 18 0 1 1 0 0 0 0 0 2 0 0 0 0 0 0 0 0 9 6 0 0 0 0 0 0 1 0 0 0 3 0 0 0 0 0 0 0 0 0 0 0 0 0 0 0 0 0
0 0 0 0 0 18 0 1 1 0 0 0 0 0 0 1 0 0 0 0 0 0 0 8 3 2 0 0 0 0 0 1 0 0 0 3 0 0 0 0 0 0 0 1 0 0 0 0 0 0 0 0 0
0 0 0 0 0 18 0 1 1 0 0 0 0 0 0 0 0 1 0 0 0 0 0 8 0 2 0 0 0 0 0 1 0 0 0 3 0 0 0 0 0 0 0 0 0 0 0 0 0 0 0 0 0
0 0 0 0 0 18 0 1 1 0 0 1 1 0 0 0 0 0 0 0 0 0 0 8 5 2 0 0 0 0 0 1 0 0 0 3 0 0 0 0 0 0 0 0 0 0 0 0 0 0 0 0 0
0 0 0 0 0 18 0 1 1 0 0 0 0 0 0 0 0 1 0 0 0 0 0 8 0 2 0 0 0 0 0 1 0 0 0 3 0 0 0 0 0 0 0 0 0 0 0 0 0 0 0 0 0
1 0 0 0 0 18 0 1 1 0 0 0 0 0 0 0 0 0 0 0 0 0 0 8 0 2 0 0 0 0 0 1 0 0 0 3 0 0 0 0 0 0 0 0 0 0 0 0 0 0 0 0 0
0 0 0 0 0 24 1 1 1 0 0 0 0 0 0 1 0 0 0 0 0 0 0 13 2 2 0 0 0 0 0 1 0 0 0 3 0 0 0 0 0 0 0 1 0 0 0 0 0 0 0 0 0
0 0 0 0 0 18 0 1 1 0 0 0 0 0 0 0 0 0 0 0 0 0 0 8 0 2 1 0 0 0 0 1 0 0 0 3 0 0 0 0 0 0 0 1 0 0 0 0 0 0 0 0 0
0 0 0 0 0 18 0 1 1 0 0 0 0 0 0 0 0 1 0 0 0 0 0 8 0 2 0 0 0 0 0 1 0 0 0 3 0 0 0 0 0 0 0 0 0 0 0 0 0 0 0 0 0
1 0 0 0 0 18 0 1 1 0 0 0 0 0 0 0 0 0 0 0 0 0 0 8 0 2 0 0 0 0 0 1 0 0 0 3 0 0 0 0 0 0 0 0 0 0 0 0 0 0 0 0 0
0 0 0 0 0 18 0 1 1 0 0 0 0 0 0 0 0 1 0 0 0 0 0 8 0 2 0 0 0 0 0 1 0 0 0 3 0 0 0 0 0 0 0 0 0 0 0 0 0 0 0 0 0
1 0 0 0 0 18 0 1 1 0 0 0 0 0 0 0 0 0 0 0 0 0 0 8 0 2 0 0 0 0 0 1 0 0 0 3 0 0 0 0 0 0 0 0 0 0 0 0 0 0 0 0 0
0 0 0 0 0 24 1 1 1 0 0 0 0 0 0 1 0 0 0 0 0 0 0 13 2 2 0 0 0 0 0 1 0 0 0 3 0 0 0 0 0 0 0 1 0 0 0 0 0 0 0 0 0
0 0 0 0 0 18 0 1 1 0 0 0 0 0 0 0 0 0 0 0 0 0 0 8 0 2 1 0 0 0 0 1 0 0 0 3 0 0 0 0 0 0 0 1 0 0 0 0 0 0 0 0 0
0 0 0 0 0 24 1 1 1 0 0 0 0 0 0 1 0 0 0 0 0 0 0 13 2 2 0 0 0 0 0 1 0 0 0 3 0 0 0 0 0 0 0 1 0 0 0 0 0 0 0 0 0
0 0 0 0 0 18 0 1 1 0 0 0 0 0 0 0 0 0 0 0 0 0 0 8 0 2 1 0 0 0 0 1 0 0 0 3 0 0 0 0 0 0 0 1 0 0 0 0 0 0 0 0 0
0 0 0 0 0 18 0 1 1 0 0 0 0 0 0 0 0 0 0 0 0 0 0 8 0 2 0 0 0 0 0 1 0 0 0 4 0 0 0 0 2 0 0 0 0 0 0 0 0 0 0 0 0
0 0 0 0 0 18 0 1 1 0 0 0 0 0 0 0 0 1 0 0 0 0 0 7 0 2 0 0 0 0 0 1 0 0 0 4 0 0 0 0 2 0 0 0 0 0 0 0 0 0 0 0 0
0 0 0 0 0 18 0 1 1 0 0 0 0 0 0 0 0 1 0 0 0 0 0 7 0 2 0 0 0 0 0 1 0 0 0 4 0 0 0 0 2 0 0 0 0 0 0 0 0 0 0 0 0
0 0 0 0 0 18 0 1 1 0 0 0 0 0 0 0 0 0 0 0 0 0 0 8 0 4 0 0 0 0 0 1 0 0 0 4 0 0 0 0 0 0 0 0 0 0 0 0 0 0 0 0 0
0 0 0 0 0 18 0 1 1 0 0 0 0 0 0 0 0 1 0 0 0 0 0 7 0 4 0 0 0 0 0 1 0 0 0 4 0 0 0 0 0 0 0 0 0 0 0 0 0 0 0 0 0
0 0 0 0 0 18 0 1 1 0 0 0 0 0 0 0 0 1 0 0 0 0 0 7 0 4 0 0 0 0 0 1 0 0 0 4 0 0 0 0 0 0 0 0 0 0 0 0 0 0 0 0 0
1 0 0 0 0 18 0 1 1 0 0 0 0 0 0 0 0 0 0 0 0 0 0 8 0 2 0 0 0 0 0 1 0 0 0 3 0 0 0 0 0 0 0 0 0 0 0 0 0 0 0 0 0
2 0 0 0 0 18 0 1 1 0 0 0 0 0 0 0 0 0 0 0 0 0 0 7 0 2 0 0 0 0 0 1 0 0 0 3 0 0 0 0 0 0 0 0 0 0 0 0 0 0 0 0 0
0 0 0 0 0 18 0 1 1 0 0 0 0 0 0 0 0 2 0 0 0 0 0 7 0 2 0 0 0 0 0 1 0 0 0 3 0 0 0 0 0 0 0 0 0 0 0 0 0 0 0 0 0
0 0 0 0 0 18 0 1 1 0 0 0 0 0 0 0 0 0 0 0 0 0 0 7 0 2 0 0 0 0 0 1 0 0 0 3 0 0 0 0 0 0 6 0 0 0 0 0 0 0 0 0 2
0 0 0 0 0 23 0 1 1 0 0 0 0 0 0 0 0 0 0 0 0 0 0 11 0 2 0 0 0 0 0 1 0 0 0 3 0 0 0 0 0 0 0 0 0 0 0 0 0 0 0 0 0
0 0 0 0 0 23 0 1 1 0 0 0 0 0 0 0 0 0 0 0 0 0 0 11 0 2 0 0 0 0 0 1 0 0 0 3 0 0 0 0 0 0 0 0 0 0 0 0 0 0 0 0 0
0 0 0 0 0 18 0 0 2 0 0 0 0 0 1 0 0 0 0 0 0 0 0 9 3 2 0 0 0 0 0 0 0 0 0 4 0 0 0 0 0 0 0 0 0 0 0 0 0 0 0 0 0
0 0 0 0 0 20 0 0 1 0 0 0 0 0 0 0 0 0 0 0 0 0 0 10 0 2 0 0 0 0 0 0 0 0 0 3 0 0 0 0 0 0 0 0 0 0 0 0 0 0 0 0 0
0 0 0 0 0 16 0 1 1 0 0 0 0 0 0 0 0 0 0 0 0 0 0 8 0 2 0 0 0 0 0 3 0 0 0 3 0 0 0 0 0 0 0 0 0 0 0 0 0 0 0 0 0
0 0 0 0 0 16 0 2 1 0 0 0 0 0 0 0 0 0 0 0 0 0 0 8 0 2 0 0 0 0 0 2 0 0 0 3 0 0 0 0 0 0 0 0 0 0 0 0 0 0 0 0 0
0 0 0 0 0 16 0 2 1 0 0 0 0 0 0 0 0 0 0 0 0 0 0 8 0 2 0 0 0 0 0 2 0 0 0 3 0 0 0 0 0 0 0 0 0 0 0 0 0 0 0 0 0
0 0 0 0 0 20 0 1 3 0 0 0 0 0 0 0 0 0 0 0 0 0 0 11 0 1 0 0 0 0 0 3 0 0 0 2 0 0 0 0 0 0 0 0 0 0 0 0 0 0 0 0 0
0 0 0 0 0 18 0 1 2 0 0 0 0 0 0 0 0 0 0 0 0 0 0 9 0 2 0 0 0 0 0 1 0 0 0 2 0 0 0 0 0 0 0 0 0 0 0 0 0 0 0 0 0
