0 0 17 0 2 0 0 2 0 0 0 0 0 0 0 0 0 2 0 0 18 0 1 2 0 0 2 0 0 0 0 0 0 0 0 0 4 0 0 0 0 0 0 1 1 0 0 0 0 0 0 0 0 0
0 0 17 0 2 0 0 4 0 0 0 0 0 0 0 0 0 2 0 0 18 0 4 5 0 0 0 0 0 0 0 0 0 0 0 0 4 0 0 0 0 0 0 1 1 0 0 0 0 0 0 0 0 0
0 0 17 0 2 0 0 2 0 0 0 0 0 0 0 0 0 4 0 0 16 0 1 2 0 0 2 0 0 0 0 0 0 0 0 0 4 0 0 0 0 0 0 1 1 0 0 0 0 0 0 0 0 0
0 0 17 0 2 0 0 4 0 0 0 0 0 0 0 0 0 4 0 0 16 0 4 5 0 0 0 0 0 0 0 0 0 0 0 0 4 0 0 0 0 0 0 1 1 0 0 0 0 0 0 0 0 0
0 0 17 0 2 0 0 2 0 0 0 0 2 0 0 0 0 0 0 0 18 0 1 2 0 0 2 0 0 0 0 0 0 0 0 0 4 0 0 0 0 0 0 1 1 0 0 0 0 0 0 0 0 0
0 0 17 0 2 0 0 4 0 0 0 0 2 0 0 0 0 0 0 0 18 0 4 5 0 0 0 0 0 0 0 0 0 0 0 0 4 0 0 0 0 0 0 1 1 0 0 0 0 0 0 0 0 0
0 0 17 0 2 0 0 2 0 0 0 0 2 0 0 0 0 2 0 0 16 0 1 2 0 0 2 0 0 0 0 0 0 0 0 0 4 0 0 0 0 0 0 1 1 0 0 0 0 0 0 0 0 0
0 0 17 0 2 0 0 2 0 0 0 0 2 0 0 0 0 4 0 0 14 0 1 2 0 0 2 0 0 0 0 0 0 0 0 0 4 0 0 0 0 0 0 1 1 0 0 0 0 0 0 0 0 0
0 0 17 0 2 0 0 4 0 0 0 0 2 0 0 0 0 4 0 0 14 0 4 5 0 0 0 0 0 0 0 0 0 0 0 0 4 0 0 0 0 0 0 1 1 0 0 0 0 0 0 0 0 0
0 0 17 0 2 0 0 2 0 0 0 0 4 0 0 0 0 0 0 0 16 0 1 2 0 0 2 0 0 0 0 0 0 0 0 0 4 0 0 0 0 0 0 1 1 0 0 0 0 0 0 0 0 0
0 0 17 0 2 0 0 2 0 0 0 0 4 0 0 0 0 2 0 0 14 0 1 2 0 0 2 0 0 0 0 0 0 0 0 0 4 0 0 0 0 0 0 1 1 0 0 0 0 0 0 0 0 0
0 0 17 0 2 0 0 2 0 0 0 0 6 0 0 0 0 0 0 0 14 0 1 2 0 0 2 0 0 0 0 0 0 0 0 0 4 0 0 0 0 0 0 1 1 0 0 0 0 0 0 0 0 0
0 0 17 0 2 0 0 4 0 0 0 0 6 0 0 0 0 0 0 0 14 0 4 5 0 0 0 0 0 0 0 0 0 0 0 0 4 0 0 0 0 0 0 1 1 0 0 0 0 0 0 0 0 0
2 0 17 0 2 0 0 4 0 0 0 0 0 0 0 0 0 4 0 0 14 0 4 5 0 0 0 0 0 0 0 0 0 0 0 0 4 0 0 0 0 0 0 1 1 0 0 0 0 0 0 0 0 0
0 0 17 0 2 0 0 4 0 0 0 0 0 0 0 0 0 2 0 0 16 0 4 5 0 0 0 0 0 0 0 0 0 0 2 0 4 0 0 0 0 0 0 1 1 0 0 0 0 0 0 0 0 0
0 0 19 0 2 0 0 2 0 0 0 0 0 0 0 0 0 3 3 0 18 0 1 2 0 0 2 0 0 0 0 0 0 0 0 0 4 0 0 0 0 0 0 1 1 0 0 0 0 0 0 0 0 0
0 0 17 0 2 0 0 2 0 0 0 0 0 0 0 0 0 2 0 0 16 0 1 2 0 0 2 0 0 0 0 0 0 0 0 0 6 0 0 1 1 0 0 1 1 0 0 0 0 0 0 0 0 0
0 0 17 0 2 0 0 2 0 0 0 0 0 0 0 0 0 0 0 0 18 0 1 2 0 0 2 0 0 0 0 0 0 0 0 0 6 0 0 0 0 0 0 1 1 0 2 1 0 0 0 0 0 0
0 0 17 0 2 0 0 2 0 0 0 0 0 0 0 0 0 2 0 0 16 0 1 2 0 0 2 0 0 0 0 0 0 0 0 0 6 0 0 0 0 0 0 1 1 0 2 1 0 0 0 0 0 0
0 0 17 0 2 0 0 4 0 0 0 0 0 0 0 0 0 2 0 0 16 0 4 5 0 0 0 0 0 0 0 0 0 0 0 0 6 0 0 0 0 0 0 1 1 0 2 1 0 0 0 0 0 0
0 0 17 0 2 0 0 2 0 0 0 0 2 0 0 0 0 0 0 0 16 0 1 2 0 0 2 0 0 0 0 0 0 0 0 0 6 0 0 0 0 0 0 1 1 0 2 1 0 0 0 0 0 0
0 0 17 0 2 0 0 4 0 0 0 0 2 0 0 0 0 0 0 0 16 0 4 5 0 0 0 0 0 0 0 0 0 0 0 0 6 0 0 0 0 0 0 1 1 0 2 1 0 0 0 0 0 0
0 0 19 0 2 0 0 2 0 0 0 0 0 0 0 0 0 3 3 0 16 0 1 2 0 0 2 0 0 0 0 0 0 0 0 0 6 0 0 0 0 0 0 1 1 0 2 1 0 0 0 0 0 0
0 0 17 0 2 0 0 4 0 0 0 0 0 0 0 0 0 2 0 0 16 0 4 5 0 0 1 0 0 1 0 1 0 0 0 0 6 0 0 0 0 0 0 1 1 0 1 0 0 0 0 0 0 0
0 0 17 0 2 0 0 2 0 0 0 0 0 0 0 0 0 0 0 0 18 0 1 2 0 0 4 1 0 0 0 0 0 0 0 0 6 0 0 0 0 0 0 1 1 0 0 0 0 0 0 0 0 0
0 0 17 0 2 0 0 4 0 0 0 0 0 0 0 0 0 0 0 0 18 0 4 5 0 0 2 1 0 0 0 0 0 0 0 0 6 0 0 0 0 0 0 1 1 0 0 0 0 0 0 0 0 0
0 0 17 0 2 0 0 4 0 0 0 0 0 0 0 0 0 2 0 0 16 0 4 5 0 0 2 1 0 0 0 0 0 0 0 0 6 0 0 0 0 0 0 1 1 0 0 0 0 0 0 0 0 0
0 0 17 0 2 0 0 2 0 0 0 0 2 0 0 0 0 0 0 0 16 0 1 2 0 0 4 1 0 0 0 0 0 0 0 0 6 0 0 0 0 0 0 1 1 0 0 0 0 0 0 0 0 0
0 0 17 0 3 1 0 3 0 0 0 0 0 0 0 0 0 0 0 0 21 0 4 2 0 0 4 0 0 0 0 0 0 0 0 0 6 0 0 0 0 0 0 1 2 0 0 0 0 0 0 0 0 0
0 0 17 0 2 0 0 6 0 0 0 0 0 0 0 0 0 2 0 0 16 0 7 8 0 0 4 0 0 0 0 0 0 0 0 0 6 1 1 0 0 0 0 1 2 0 0 0 0 0 0 0 0 0
0 0 19 0 2 0 0 4 0 0 0 0 0 0 0 0 0 0 0 0 20 0 5 7 0 0 2 1 0 0 0 0 0 0 0 0 5 0 0 0 0 0 0 1 1 0 0 0 0 0 0 0 0 0
0 0 19 0 2 0 0 4 0 0 0 0 0 0 0 0 0 0 0 0 18 0 4 5 0 0 0 0 0 0 0 0 0 0 0 0 5 0 0 0 0 0 0 1 1 0 0 0 0 0 0 0 0 0
0 0 19 0 2 0 0 4 0 0 0 0 0 0 0 0 0 2 0 0 16 0 4 5 0 0 0 0 0 0 0 0 0 0 0 0 5 0 0 0 0 0 0 1 1 0 0 0 0 0 0 0 0 0
0 0 20 0 2 0 0 2 0 0 0 0 0 0 0 0 0 0 0 0 25 0 5 2 0 0 2 0 0 0 0 0 0 0 0 0 4 0 0 0 0 0 0 1 1 0 0 0 0 0 0 0 0 0
0 0 20 0 2 0 0 2 0 0 0 0 0 0 0 0 0 0 0 0 22 0 2 2 0 0 2 0 0 0 0 0 0 0 0 0 4 0 0 0 0 0 0 1 1 0 0 0 0 0 0 0 0 0
0 0 19 0 2 0 0 2 0 0 0 0 0 0 0 0 0 0 0 0 19 0 1 2 1 0 2 0 0 0 0 0 0 0 0 0 4 0 0 0 0 0 0 2 1 0 0 0 0 0 0 0 0 0
0 0 20 0 2 1 0 2 0 0 0 0 0 0 0 0 0 2 0 0 19 0 4 2 0 0 2 0 0 0 0 0 0 0 0 0 4 0 0 0 0 0 0 2 1 0 0 0 0 0 0 0 0 0
0 0 17 0 2 0 0 3 0 2 0 0 0 0 0 0 0 0 0 0 18 0 7 8 0 0 2 0 0 0 0 0 0 0 0 0 4 0 0 0 0 1 2 1 1 0 0 0 0 2 1 0 2 0
0 0 17 0 2 0 0 2 0 0 0 0 0 0 0 0 0 0 0 0 20 0 1 2 0 0 2 0 0 0 0 0 0 0 0 0 4 0 0 0 0 0 0 1 1 0 0 0 0 0 0 0 0 0
0 0 17 0 2 0 0 2 0 0 0 0 0 0 0 0 0 2 0 0 18 0 1 2 0 0 2 0 0 0 0 0 0 0 0 0 4 0 0 0 0 0 0 1 1 0 0 0 0 0 0 0 0 0
0 0 17 0 2 0 0 2 0 0 0 0 0 0 0 0 0 4 0 0 16 0 1 2 0 0 2 0 0 0 0 0 0 0 0 0 4 0 0 0 0 0 0 1 1 0 0 0 0 0 0 0 0 0
0 0 17 0 2 0 0 4 0 0 0 0 0 0 0 0 0 2 0 0 18 0 4 5 0 0 0 0 0 0 0 0 0 0 0 0 4 0 0 0 0 0 0 1 1 0 0 0 0 0 0 0 0 0
0 0 17 0 2 0 0 4 0 0 0 0 2 0 0 0 0 0 0 0 18 0 4 5 0 0 0 0 0 0 0 0 0 0 0 0 4 0 0 0 0 0 0 1 1 0 0 0 0 0 0 0 0 0
0 0 17 0 2 0 0 2 0 0 0 0 2 0 0 0 0 0 0 0 18 0 1 2 0 0 2 0 0 0 0 0 0 0 0 0 4 0 0 0 0 0 0 1 1 0 0 0 0 0 0 0 0 0
0 0 17 0 2 0 0 4 0 0 0 0 2 0 0 0 0 2 0 0 16 0 4 5 0 0 0 0 0 0 0 0 0 0 0 0 4 0 0 0 0 0 0 1 1 0 0 0 0 0 0 0 0 0
0 0 17 0 2 0 0 2 0 0 0 0 2 0 0 0 0 4 0 0 14 0 1 2 0 0 2 0 0 0 0 0 0 0 0 0 4 0 0 0 0 0 0 1 1 0 0 0 0 0 0 0 0 0
0 0 19 0 2 0 0 2 0 0 0 0 0 0 0 0 0 2 0 0 19 0 4 2 0 0 2 0 0 0 0 0 0 0 0 0 4 0 0 0 0 0 0 1 1 0 0 0 0 0 0 0 0 0
0 0 17 0 2 0 0 4 0 0 0 0 2 0 0 0 0 2 0 0 16 0 4 5 0 0 0 0 0 0 0 0 0 0 0 0 4 0 0 0 0 0 0 1 1 0 0 0 0 0 0 0 0 0
0 0 17 0 2 0 0 4 0 0 0 0 4 0 0 0 0 2 0 0 14 0 4 5 0 0 0 0 0 0 0 0 0 0 0 0 4 0 0 0 0 0 0 1 1 0 0 0 0 0 0 0 0 0
0 0 17 0 2 0 0 4 0 0 0 0 4 0 0 0 0 0 0 0 16 0 4 5 0 0 0 0 0 0 0 0 0 0 0 0 4 0 0 0 0 0 0 1 1 0 0 0 0 0 0 0 0 0
0 0 17 0 2 0 0 2 0 0 0 0 4 0 0 0 0 2 0 0 14 0 1 2 0 0 2 0 0 0 0 0 0 0 0 0 4 0 0 0 0 0 0 1 1 0 0 0 0 0 0 0 0 0
0 0 19 0 2 0 0 2 0 0 0 0 2 0 0 0 0 2 0 0 17 0 4 2 0 0 2 0 0 0 0 0 0 0 0 0 4 0 0 0 0 0 0 1 1 0 0 0 0 0 0 0 0 0
0 0 17 0 2 0 0 2 0 0 0 0 4 0 0 0 0 0 0 0 16 0 1 2 0 0 2 0 0 0 0 0 0 0 0 0 4 0 0 0 0 0 0 1 1 0 0 0 0 0 0 0 0 0
0 0 19 0 2 0 0 2 0 0 0 0 2 0 0 0 0 0 0 0 19 0 4 2 0 0 2 0 0 0 0 0 0 0 0 0 4 0 0 0 0 0 0 1 1 0 0 0 0 0 0 0 0 0
0 0 17 0 2 0 0 4 0 0 0 0 2 0 0 0 0 2 0 0 14 0 4 5 0 0 2 1 0 0 0 0 0 0 0 0 6 0 0 0 0 0 0 1 1 0 0 0 0 0 0 0 0 0
0 0 17 0 3 0 0 4 0 0 0 0 0 0 0 0 0 0 0 0 24 0 3 6 0 0 2 1 0 0 0 0 0 0 0 0 5 0 0 0 0 0 0 1 1 0 0 0 0 0 0 0 0 0
0 0 17 0 2 1 0 4 0 0 1 0 2 0 0 0 0 0 0 0 22 0 4 6 4 0 2 1 0 0 0 0 0 0 0 0 5 0 0 0 0 0 0 1 2 0 0 0 0 0 0 0 0 0
0 0 17 0 3 0 0 4 0 0 0 0 2 0 0 0 0 3 3 0 20 0 2 4 0 0 0 0 0 0 0 0 0 0 0 0 4 0 0 0 0 0 0 1 1 0 0 0 0 0 0 0 0 0
0 0 18 0 3 0 0 4 0 0 0 0 2 0 0 0 0 0 0 0 21 0 2 4 0 0 0 0 0 0 0 0 0 0 0 0 4 0 0 0 0 0 0 1 1 0 0 0 0 0 0 0 0 0
0 0 22 4 3 0 0 4 0 0 0 0 2 0 0 0 0 0 0 0 27 0 4 4 0 0 0 0 0 0 0 0 0 0 0 0 4 0 0 0 0 0 0 1 1 0 0 0 0 0 0 0 0 0
0 0 17 0 2 0 0 4 0 0 1 0 0 0 0 0 0 0 0 0 18 0 5 4 5 0 0 0 0 0 0 0 0 0 0 0 6 0 0 0 0 0 0 1 2 0 2 1 0 0 0 0 0 0
0 0 20 0 5 0 0 4 0 0 0 0 2 0 0 0 0 0 0 0 27 0 10 2 0 0 0 0 0 0 0 0 0 0 0 0 4 0 0 0 0 0 0 1 1 0 0 0 0 0 0 0 0 0
0 0 18 0 4 0 0 5 0 0 0 0 2 0 0 0 0 0 0 0 23 0 7 6 0 0 2 0 0 0 0 0 0 0 0 0 5 0 1 0 0 0 0 2 1 0 0 0 0 0 0 0 0 0
0 0 17 0 3 0 0 4 0 0 0 0 2 0 0 0 0 2 0 0 20 0 3 6 0 0 2 1 0 0 0 0 0 0 0 0 5 0 0 0 0 0 0 1 1 0 0 0 0 0 0 0 0 0
0 0 17 0 5 0 0 7 0 0 0 0 2 0 0 0 0 2 0 0 30 0 11 10 0 0 0 0 0 0 0 0 0 0 0 0 5 0 0 0 0 0 0 1 1 0 0 0 0 0 0 0 0 0
0 0 17 0 3 0 0 4 0 0 0 0 2 0 0 0 0 2 0 0 20 0 3 4 2 0 0 0 0 0 1 0 0 0 0 0 4 0 0 0 0 0 0 2 1 0 0 0 0 0 0 0 0 0
0 0 17 0 3 0 0 5 0 0 0 0 2 0 0 0 0 2 0 0 20 0 3 6 0 0 0 0 0 0 0 0 0 0 0 0 5 0 0 0 0 0 0 1 1 0 0 0 0 0 0 0 0 1
0 0 17 0 3 1 0 4 0 0 1 0 2 0 0 0 0 2 0 0 22 0 4 4 4 0 2 1 0 0 0 0 0 0 0 0 5 0 1 0 0 0 0 3 1 0 0 0 0 0 0 0 0 0
0 0 18 0 3 1 0 4 0 0 0 0 2 0 0 0 0 2 0 0 22 0 3 4 3 0 0 0 0 0 2 0 0 0 0 0 4 0 0 0 0 0 0 3 1 0 0 0 0 0 0 0 0 0
0 0 17 2 3 0 0 4 0 0 0 0 2 0 0 0 0 2 0 0 18 0 3 4 2 0 0 0 0 0 0 0 2 0 0 0 4 0 0 0 0 0 0 2 1 0 0 0 6 0 0 1 0 0
0 0 20 0 5 0 0 4 0 0 0 0 2 0 0 0 0 0 0 0 25 0 10 2 0 0 0 0 0 0 0 0 0 0 0 0 6 0 0 0 0 0 0 1 1 0 2 1 0 0 0 0 0 0
0 0 17 0 3 0 0 4 0 0 0 0 2 0 0 0 0 2 0 0 18 0 2 4 0 0 0 0 0 0 1 0 0 0 0 0 4 0 0 0 0 0 0 3 1 1 0 0 0 0 0 0 0 0
0 0 9 0 2 0 0 2 0 0 0 0 0 0 0 0 0 0 0 0 13 0 4 2 0 0 2 0 0 0 0 0 0 0 0 0 4 0 0 0 0 0 0 1 1 0 0 0 0 0 0 0 0 0
0 0 17 0 2 0 0 2 0 0 0 0 2 0 0 0 0 0 0 0 26 0 5 2 0 0 2 0 0 0 0 0 0 0 0 0 4 0 0 0 0 0 0 1 1 0 0 0 0 0 0 0 0 0
0 0 17 0 2 0 0 4 0 0 0 0 2 0 0 0 0 0 0 0 26 0 8 5 0 0 0 0 0 0 0 0 0 0 0 0 4 0 0 0 0 0 0 1 1 0 0 0 0 0 0 0 0 0
0 0 17 0 2 0 0 2 0 0 0 0 2 0 0 0 0 0 0 0 31 0 6 2 0 0 2 0 0 0 0 0 0 0 0 0 4 0 0 0 0 0 0 1 1 0 0 0 0 0 0 0 0 0
2 0 13 0 2 0 0 3 0 0 0 0 0 0 0 0 0 0 0 0 15 0 1 3 0 0 2 0 0 0 0 0 0 0 0 0 7 0 0 0 0 0 0 1 1 0 0 0 0 0 0 0 0 0
0 0 25 0 2 0 0 2 0 0 0 0 2 0 0 0 0 0 0 0 22 0 1 2 0 0 2 0 0 0 0 0 0 0 0 0 4 0 0 0 0 0 0 1 1 0 0 0 0 0 0 0 0 0
0 0 18 0 2 0 0 2 0 0 0 0 2 0 0 0 0 0 0 0 22 0 2 2 0 0 2 0 0 0 0 0 0 0 0 0 4 0 0 0 0 0 0 1 1 0 0 0 0 0 0 0 0 0
0 0 18 0 3 0 0 2 0 0 0 0 2 0 0 0 0 2 0 0 19 0 3 1 0 0 2 0 0 0 0 0 0 0 0 0 4 0 0 0 0 0 0 1 1 0 0 0 0 0 0 0 0 0
0 0 18 0 3 0 0 2 0 0 0 0 2 0 0 0 0 0 0 0 19 0 3 1 0 0 2 0 0 0 0 0 0 0 0 0 6 0 0 0 0 0 0 1 1 0 2 1 0 0 0 0 0 0
0 0 18 0 3 0 0 4 0 0 0 0 0 0 0 0 0 2 0 0 19 0 6 4 0 0 0 0 0 0 0 0 0 0 0 0 6 0 0 0 0 0 0 1 1 0 2 1 0 0 0 0 0 0
0 0 20 0 4 0 0 4 0 0 0 0 2 0 0 0 0 0 0 0 22 0 9 3 0 0 0 0 0 0 0 0 0 0 0 0 4 0 0 0 0 0 0 1 1 0 0 0 0 0 0 0 0 0
0 0 18 0 3 0 0 2 0 0 0 0 2 0 0 2 0 0 0 0 21 0 3 1 0 0 0 0 0 0 0 0 0 0 0 0 4 0 0 0 0 0 0 1 1 0 0 0 0 0 0 0 0 0
0 0 17 0 2 0 0 2 0 0 0 0 2 0 0 0 0 0 0 0 17 0 0 1 1 0 2 0 0 0 1 0 0 0 0 0 4 0 0 0 0 0 0 2 2 0 0 0 0 0 0 0 0 0
0 0 17 0 2 0 0 4 0 0 0 0 2 0 0 0 0 0 0 0 17 0 3 4 1 0 0 0 0 0 1 0 0 0 0 0 4 0 0 0 0 0 0 2 2 0 0 0 0 0 0 0 0 0
0 0 17 0 2 0 0 2 0 0 0 0 4 0 0 0 0 0 0 0 15 0 0 1 1 0 2 0 0 0 1 0 0 0 0 0 4 0 0 0 0 0 0 2 2 0 0 0 0 0 0 0 0 0
0 0 19 0 2 2 0 2 0 0 1 0 2 0 0 0 0 0 0 0 25 0 2 1 1 0 2 0 0 0 1 0 0 0 0 0 4 0 0 0 0 0 0 4 2 2 0 0 0 0 0 0 0 0
0 0 17 0 2 0 0 7 0 0 1 0 2 0 0 0 0 0 0 0 17 0 9 10 1 0 0 0 0 0 0 0 0 0 0 0 4 0 2 0 0 0 0 2 2 1 0 0 0 0 0 0 0 0
0 0 17 0 2 0 0 4 0 0 0 0 3 1 0 0 0 2 0 0 15 1 3 4 0 0 0 0 0 0 0 0 0 0 0 0 4 0 0 0 0 0 0 1 1 0 0 0 0 0 0 0 0 0
0 0 18 0 3 0 0 2 0 0 0 0 2 0 0 0 0 0 0 0 18 0 0 1 0 0 2 0 0 0 1 0 0 0 0 0 4 0 0 0 0 0 0 3 1 1 0 0 0 0 0 0 0 0
0 0 13 0 2 0 1 2 0 0 0 1 2 0 0 0 0 0 0 0 13 0 1 2 0 1 2 0 0 0 0 0 0 0 0 0 3 0 0 0 0 0 0 1 1 0 0 0 0 0 0 0 1 1
0 0 13 0 2 0 1 2 0 0 0 1 1 0 1 0 0 0 0 0 14 0 1 2 0 0 2 0 0 0 0 0 0 0 0 0 3 0 0 0 0 0 0 1 1 0 0 0 0 0 0 0 1 1
0 0 13 0 2 0 1 2 0 0 0 1 3 0 1 0 0 0 0 0 12 0 1 2 0 0 2 0 0 0 0 0 0 0 0 0 3 0 0 0 0 0 0 1 1 0 0 0 0 0 0 0 1 1
0 0 12 0 3 0 0 2 0 0 0 1 3 0 1 0 0 0 0 0 12 0 1 2 0 0 2 0 0 0 0 0 0 0 0 0 3 0 0 0 0 0 0 1 1 0 0 0 0 0 0 0 3 0
0 0 14 0 4 0 0 5 0 0 0 0 0 0 0 0 0 0 0 0 16 0 7 6 0 0 2 0 0 0 0 0 0 0 0 0 5 0 0 0 0 0 0 1 1 0 0 0 0 0 0 0 0 0
0 0 17 0 2 0 0 2 0 0 0 0 0 0 0 0 0 0 0 0 22 0 1 3 0 0 4 0 0 0 0 0 0 0 0 0 4 0 0 0 0 0 0 1 1 0 0 0 0 0 0 0 0 0
0 0 17 0 2 0 0 2 0 0 0 0 2 0 0 0 0 0 0 0 20 0 1 3 0 0 4 0 0 0 0 0 0 0 0 0 4 0 0 0 0 0 0 1 1 0 0 0 0 0 0 0 0 0
0 0 17 0 2 0 0 4 0 0 0 0 2 0 0 0 0 0 0 0 20 0 4 6 0 0 2 0 0 0 0 0 0 0 0 0 4 0 0 0 0 0 0 1 1 0 0 0 0 0 0 0 0 0
0 0 17 0 2 0 0 6 0 0 0 0 2 0 0 0 0 2 0 0 18 0 7 9 0 0 0 0 0 0 0 0 0 0 0 0 4 0 0 0 0 0 0 1 1 0 0 0 0 0 0 0 0 0
0 0 17 0 2 0 0 4 0 0 0 0 2 0 0 0 0 0 0 0 18 0 4 6 0 0 2 0 0 0 0 0 0 0 0 0 6 0 0 0 0 0 0 1 1 0 2 1 0 0 0 0 0 0
0 0 17 0 3 0 0 3 0 0 0 0 2 0 0 0 0 0 0 0 18 0 4 5 0 0 2 0 0 0 0 0 0 0 0 0 4 1 0 0 0 0 0 0 0 0 2 0 0 0 0 0 0 0
0 0 17 0 3 0 0 2 0 0 0 0 2 0 0 0 0 0 0 0 18 0 1 2 0 0 2 0 0 0 0 0 0 0 0 0 3 0 0 0 0 0 0 1 1 0 2 0 0 0 0 0 0 0
0 0 17 0 3 0 0 4 0 0 0 0 2 0 0 0 0 0 0 0 20 0 5 7 0 0 0 0 0 0 0 0 0 0 0 0 3 0 0 0 0 0 0 0 0 0 0 0 0 0 0 0 0 0
0 0 18 0 4 3 0 4 0 0 1 0 2 0 0 0 0 0 0 0 25 0 5 4 1 0 2 0 0 0 0 0 0 0 0 0 3 0 0 0 0 0 0 2 2 0 0 0 0 0 0 0 0 0
0 0 17 0 4 2 0 4 0 0 1 0 4 0 0 0 0 0 0 0 20 0 3 4 2 0 2 0 0 0 0 0 0 0 0 0 3 0 0 0 0 0 0 2 2 0 0 0 0 0 0 0 0 0
0 0 19 0 4 3 0 6 0 0 1 0 2 0 0 0 0 0 0 0 23 0 7 5 0 0 0 0 0 0 0 0 0 0 0 0 3 0 0 0 0 0 0 3 3 0 0 0 0 0 0 0 0 0
0 0 17 0 1 1 0 1 0 0 0 0 6 0 0 0 0 0 0 0 14 0 1 2 0 0 4 1 0 0 0 0 0 0 0 0 3 0 0 0 0 0 0 2 1 0 0 0 0 0 0 0 0 0
0 0 17 0 1 1 0 2 0 0 0 0 2 0 0 0 0 0 0 0 16 0 4 5 0 0 4 0 0 0 0 0 0 0 0 0 5 0 0 0 0 0 0 2 1 0 2 1 0 0 0 0 0 0
0 0 21 0 3 2 0 4 0 0 0 0 2 0 0 0 0 0 0 0 34 0 8 8 0 0 6 2 0 0 0 0 0 0 0 0 5 0 0 0 0 0 0 2 2 0 0 0 0 0 0 0 0 0
2 0 16 0 4 1 0 4 0 0 0 0 0 0 0 0 0 0 0 0 27 0 4 6 0 0 6 0 0 0 0 0 0 0 0 0 7 0 0 0 0 0 0 3 2 0 0 0 0 0 0 0 0 0
0 0 13 0 5 0 0 6 0 0 0 0 2 0 0 0 0 0 0 0 20 0 4 3 0 0 0 0 0 0 0 0 0 0 0 0 3 0 0 0 0 0 0 2 2 0 0 0 0 0 0 0 0 0
0 0 13 0 5 0 0 4 0 0 0 0 2 0 0 0 0 0 0 0 20 0 1 0 0 0 2 0 0 0 0 0 0 0 0 0 3 0 0 0 0 0 0 2 2 0 0 0 0 0 0 0 0 0
0 0 17 0 5 0 0 4 1 0 0 0 2 0 0 0 0 0 0 0 21 0 4 2 0 0 0 0 0 0 0 0 0 0 0 0 4 2 0 1 0 0 0 0 0 0 0 0 0 0 0 0 0 0
0 0 17 0 3 0 0 4 1 0 0 0 2 0 0 0 0 0 0 0 18 0 1 4 0 0 0 0 0 0 0 0 0 0 0 0 4 2 0 1 0 0 0 0 0 0 0 0 0 0 0 0 0 0
0 0 17 0 5 0 0 4 1 0 0 0 2 0 0 0 0 0 0 0 21 0 4 2 0 0 0 0 0 0 0 0 0 0 0 0 4 2 0 1 0 0 0 0 0 0 0 0 0 0 0 0 0 0
0 0 17 0 5 0 0 4 1 0 0 0 4 0 0 0 0 0 0 0 19 0 4 2 0 0 0 0 0 0 0 0 0 0 0 0 4 2 0 1 0 0 0 0 0 0 0 0 0 0 0 0 0 0
0 0 17 0 5 0 0 4 1 0 0 0 2 0 0 0 0 0 0 0 20 0 2 2 2 0 0 0 0 0 1 0 0 0 0 0 4 2 0 1 0 0 0 1 0 0 0 0 0 0 0 0 0 0
0 0 17 0 5 0 0 7 1 0 0 0 2 0 0 0 0 0 0 0 20 0 8 10 0 0 0 0 0 0 0 0 0 0 0 0 5 2 0 1 0 0 0 0 0 0 0 0 0 0 0 0 0 0
0 0 18 0 5 0 0 7 1 0 0 0 2 0 0 0 0 0 0 0 24 0 9 10 0 0 0 0 0 0 0 0 0 0 0 0 5 2 0 1 0 0 0 0 0 0 0 0 0 0 0 0 0 0
0 0 18 0 6 0 0 4 1 0 0 0 2 0 0 0 0 2 0 0 22 0 6 1 0 0 0 0 0 0 0 0 0 0 0 0 4 2 0 1 0 0 0 0 0 0 0 0 0 0 0 0 0 0
0 0 18 0 6 0 0 4 1 0 0 0 0 0 0 0 0 2 0 0 22 0 6 1 0 0 0 0 0 0 0 0 0 0 0 0 6 2 0 1 0 0 0 0 0 0 2 1 0 0 0 0 0 0
0 0 18 0 6 0 0 4 1 0 0 0 2 0 0 0 0 0 0 0 22 0 6 1 0 0 0 0 0 0 0 0 0 0 0 0 6 2 0 1 0 0 0 0 0 0 2 1 0 0 0 0 0 0
0 0 13 0 4 0 1 4 1 0 0 1 2 0 0 0 0 0 0 0 16 0 4 2 0 1 0 0 0 0 0 0 0 0 0 0 4 2 0 1 0 0 0 0 0 0 0 0 0 0 0 0 1 1
0 0 15 0 4 0 2 4 1 0 0 1 2 0 0 0 0 0 0 0 22 0 8 2 0 0 0 0 0 0 0 0 0 0 0 0 4 2 0 1 0 0 0 0 0 0 0 0 0 0 0 0 1 1
0 0 13 0 4 0 1 4 1 0 0 1 3 0 1 0 0 0 0 0 15 0 4 2 0 0 0 0 0 0 0 0 0 0 0 0 4 2 0 1 0 0 0 0 0 0 0 0 0 0 0 0 1 1
1 1 13 0 4 0 1 4 1 0 0 1 2 0 0 0 0 0 0 0 15 0 4 2 0 0 0 0 0 0 0 0 0 0 0 0 4 2 0 1 0 0 0 0 0 0 0 0 0 0 0 0 1 1
0 0 13 0 4 0 1 4 1 0 0 1 2 0 0 0 0 0 0 0 15 0 4 2 0 0 0 0 0 0 0 0 0 0 1 1 4 2 0 1 0 0 0 0 0 0 0 0 0 0 0 0 1 1
0 0 13 0 4 0 1 4 1 0 0 1 3 0 1 0 0 0 0 0 14 0 2 4 0 0 2 1 0 0 0 0 0 0 0 0 5 2 0 1 0 0 0 0 0 0 0 0 0 0 0 0 1 1
0 0 18 0 6 0 0 5 0 0 0 0 2 0 0 0 0 2 0 0 20 0 4 3 0 0 0 0 0 0 0 0 0 0 0 0 4 1 0 0 0 0 0 0 0 0 0 0 0 0 0 0 0 0
0 0 18 0 6 0 0 5 0 0 0 0 2 0 0 0 0 2 0 0 19 0 2 3 2 0 0 0 0 0 1 0 0 0 0 0 4 1 0 0 0 0 0 1 0 0 0 0 0 0 0 0 0 0
0 0 19 0 5 1 0 5 0 0 1 0 2 0 0 0 0 0 0 0 23 0 5 4 2 0 0 0 0 0 0 0 0 0 0 0 4 1 0 0 0 0 0 2 0 1 0 0 0 0 0 0 0 0
0 0 22 0 5 3 0 5 0 0 1 0 2 0 0 0 0 0 0 0 27 0 10 4 0 0 0 0 0 0 0 0 0 0 0 0 4 1 0 0 0 0 0 2 0 1 0 0 0 0 0 0 0 0
0 0 19 0 5 0 0 5 0 0 1 0 2 0 0 0 0 2 0 0 16 0 4 4 3 0 0 0 0 0 0 0 0 0 0 0 4 1 0 0 0 0 0 2 0 1 0 0 0 0 0 0 0 0
0 0 20 0 5 2 0 5 0 0 1 0 2 0 0 0 0 2 0 0 24 0 7 4 1 0 0 0 0 0 0 0 0 0 0 0 4 1 0 0 0 0 0 2 0 1 2 0 0 0 0 0 0 0
0 0 19 0 5 0 0 5 0 0 0 0 4 0 0 0 0 0 0 0 16 0 1 4 0 0 0 0 0 0 1 0 0 0 0 0 4 1 0 0 0 0 0 2 0 1 0 0 0 0 0 0 0 0
0 0 19 0 5 0 0 5 0 0 0 0 2 0 0 0 0 2 0 0 16 0 1 4 0 0 2 1 0 0 0 0 0 0 0 0 5 1 1 0 0 0 0 1 0 0 0 0 0 0 0 0 0 0
0 0 19 0 5 0 0 5 0 0 0 0 4 0 0 0 0 0 0 0 16 0 1 4 0 0 2 1 0 0 0 0 0 0 0 0 5 1 1 0 0 0 0 1 0 0 0 0 0 0 0 0 0 0
0 0 19 0 7 0 0 8 0 0 0 0 4 0 0 0 0 0 0 0 18 0 8 10 0 0 2 1 0 0 0 0 0 0 0 0 6 1 1 0 0 0 0 1 0 0 0 0 0 0 0 0 0 0
0 0 18 0 9 0 0 11 0 0 0 0 2 0 0 0 0 0 0 0 25 0 8 14 0 0 0 0 0 0 0 0 0 0 0 0 8 1 0 0 0 0 0 1 1 0 2 1 0 0 0 0 0 0
0 0 21 0 1 0 0 1 0 0 0 0 2 0 0 0 0 2 0 0 20 0 1 0 0 0 2 0 0 0 0 0 0 0 0 0 2 0 0 0 0 0 0 1 1 0 0 0 0 0 0 0 0 0
0 0 21 0 1 0 0 1 0 0 0 0 2 0 0 0 0 0 0 0 20 0 1 0 0 0 2 0 0 0 0 0 0 0 0 0 4 0 0 0 0 0 0 1 1 0 2 1 0 0 0 0 0 0
0 0 21 0 3 0 0 3 1 0 0 0 0 0 0 0 0 0 0 0 27 0 4 0 0 0 0 0 0 0 0 0 0 0 0 0 3 2 0 1 0 0 0 0 0 0 0 0 0 0 0 0 0 0
0 0 21 0 3 0 0 3 1 0 0 0 2 0 0 0 0 0 0 0 25 0 4 0 0 0 0 0 0 0 0 0 0 0 0 0 3 2 0 1 0 0 0 0 0 0 0 0 0 0 0 0 0 0
0 0 21 0 1 0 0 3 1 0 0 0 2 0 0 0 0 2 0 0 20 0 1 2 0 0 0 0 0 0 0 0 0 0 0 0 3 2 0 1 0 0 0 0 0 0 0 0 0 0 0 0 0 0
0 0 21 0 3 0 0 3 1 0 0 0 2 0 0 0 0 2 0 0 23 0 4 0 0 0 0 0 0 0 0 0 0 0 0 0 3 2 0 1 0 0 0 0 0 0 0 0 0 0 0 0 0 0
0 0 21 0 3 0 0 3 1 0 0 0 2 0 0 0 0 2 0 0 22 0 2 2 0 0 2 1 0 0 0 0 0 0 0 0 4 2 0 1 0 0 0 0 0 0 0 0 0 0 0 0 0 0
0 0 21 0 3 0 0 3 1 0 0 0 2 0 0 0 0 0 0 0 23 0 4 0 0 0 0 0 0 0 0 0 0 0 0 0 5 2 0 1 0 0 0 0 0 0 2 1 0 0 0 0 0 0
0 0 21 0 3 0 0 3 1 0 0 0 2 0 0 0 0 2 0 0 28 0 5 0 0 0 0 0 0 0 0 0 0 0 0 0 3 2 0 1 0 0 0 0 0 0 0 0 0 0 0 0 0 0
0 0 23 0 3 0 0 4 0 0 1 0 0 0 0 0 0 0 0 0 24 0 4 2 3 0 0 0 0 0 0 0 0 0 0 0 3 1 0 0 0 0 0 2 0 1 0 0 0 0 0 0 0 0
0 0 23 0 3 1 0 4 0 0 1 0 0 0 0 0 0 0 0 0 29 0 5 2 2 0 0 0 0 0 0 0 0 0 0 0 3 1 0 0 0 0 0 2 0 1 0 0 0 0 0 0 0 0
0 0 23 0 3 1 0 4 0 0 1 0 0 0 0 0 0 2 0 0 27 0 5 2 2 0 0 0 0 0 0 0 0 0 0 0 3 1 0 0 0 0 0 2 0 1 0 0 0 0 0 0 0 0
0 0 23 0 3 1 0 4 0 0 1 0 2 0 0 0 0 2 0 0 25 0 5 2 2 0 0 0 0 0 0 0 0 0 0 0 3 1 0 0 0 0 0 2 0 1 0 0 0 0 0 0 0 0
0 0 23 0 3 0 0 4 0 0 0 0 2 0 0 0 0 2 0 0 20 0 1 2 0 0 2 1 0 0 0 0 0 0 0 0 4 1 1 0 0 0 0 1 0 0 0 0 0 0 0 0 0 0
0 0 22 0 2 0 0 4 0 0 0 0 2 0 0 0 0 2 0 0 21 0 1 3 0 0 0 0 0 0 0 0 0 0 0 0 3 1 0 0 0 0 0 0 0 0 0 0 0 0 0 0 0 0
0 0 21 0 2 0 0 1 0 0 0 0 2 0 0 0 0 2 0 0 20 0 1 2 0 0 0 0 0 0 0 0 0 0 0 0 1 0 0 0 0 0 0 0 0 0 0 0 0 0 0 0 0 0
0 0 23 0 4 0 0 3 0 0 0 0 2 0 0 0 0 0 0 0 22 0 4 3 0 0 0 0 0 0 0 0 0 0 0 0 4 1 0 0 0 0 0 0 0 0 0 0 0 0 0 0 0 0
0 0 23 0 4 0 0 3 0 0 0 0 2 0 0 0 0 2 0 0 20 0 4 3 0 0 0 0 0 0 0 0 0 0 0 0 4 1 0 0 0 0 0 0 0 0 0 0 0 0 0 0 0 0
0 0 23 0 2 0 0 3 0 0 0 0 2 0 0 0 0 2 0 0 17 0 1 3 0 0 2 1 0 0 0 0 0 0 0 0 4 3 0 0 0 0 0 0 0 0 0 0 0 0 0 0 0 0
0 0 23 0 2 0 0 3 0 0 0 0 4 0 0 0 0 0 0 0 17 0 1 5 0 0 0 0 0 0 0 0 0 0 0 0 4 1 0 0 0 0 0 0 0 0 0 0 0 0 0 0 0 0
0 0 21 0 2 0 0 1 0 0 0 0 0 0 0 0 0 0 0 0 20 0 1 2 0 0 0 0 2 0 0 0 0 0 0 0 5 0 0 2 1 0 0 0 0 0 0 0 0 0 0 0 0 0
0 0 21 0 2 0 0 1 0 0 0 0 2 0 0 0 0 0 0 0 18 0 1 2 0 0 0 0 2 0 0 0 0 0 0 0 5 0 0 2 1 0 0 0 0 0 0 0 0 0 0 0 0 0
0 0 21 0 2 0 0 1 0 0 0 0 2 0 0 0 0 0 0 0 18 0 1 2 0 0 0 0 2 0 0 0 0 0 0 0 5 0 0 2 1 0 0 0 0 0 0 0 0 0 0 0 0 0
0 0 21 0 2 0 0 1 0 0 0 0 2 0 0 0 0 2 0 0 16 0 1 2 0 0 0 0 2 0 0 0 0 0 0 0 5 0 0 2 1 0 0 0 0 0 0 0 0 0 0 0 0 0
0 0 21 0 2 0 0 1 0 0 0 0 4 0 0 0 0 0 0 0 16 0 1 2 0 0 0 0 2 0 0 0 0 0 0 0 5 0 0 2 1 0 0 0 0 0 0 0 0 0 0 0 0 0
0 0 13 0 6 0 0 7 0 0 0 0 0 0 0 0 0 0 0 0 20 0 3 5 0 0 2 1 0 0 0 0 0 0 0 0 5 1 1 0 0 0 0 2 1 0 0 0 0 0 0 0 0 0
0 0 13 0 6 0 0 7 0 0 0 0 2 0 0 0 0 0 0 0 18 0 3 5 0 0 2 1 0 0 0 0 0 0 0 0 5 1 1 0 0 0 0 2 1 0 0 0 0 0 0 0 0 0
0 0 13 0 6 1 0 7 0 0 1 0 0 0 0 0 0 0 0 0 25 0 7 5 2 0 0 0 0 0 0 0 0 0 0 0 4 1 0 0 0 0 0 3 1 1 0 0 0 0 0 0 0 0
0 0 13 0 6 1 0 7 0 0 1 0 2 0 0 0 0 0 0 0 23 0 7 5 2 0 0 0 0 0 0 0 0 0 0 0 4 1 0 0 0 0 0 3 1 1 0 0 0 0 0 0 0 0
0 0 13 0 6 1 0 7 0 0 1 0 2 0 0 0 0 0 0 0 23 0 7 5 2 0 0 0 0 0 0 0 0 0 0 0 4 1 0 0 0 0 0 3 1 1 0 0 0 0 0 0 0 0
0 0 16 0 6 3 0 7 0 0 2 0 0 0 0 0 0 0 0 0 27 0 15 5 3 0 0 0 0 0 0 0 0 0 0 0 4 1 0 0 0 0 0 5 1 1 0 0 0 0 0 0 0 0
0 0 19 0 6 3 0 7 0 0 1 0 0 0 0 0 0 0 0 0 34 0 16 5 0 0 0 0 0 0 0 0 0 0 0 0 4 1 0 0 0 0 0 3 1 1 0 0 0 0 0 0 0 0
0 0 18 0 6 3 0 7 0 0 1 0 0 0 0 0 0 0 0 0 30 0 15 5 0 0 0 0 0 0 0 0 0 0 0 0 4 1 0 0 0 0 0 3 1 1 0 0 0 0 0 0 0 0
0 0 16 0 6 3 0 7 0 0 1 0 0 0 0 0 0 0 0 0 29 0 12 5 0 0 0 0 0 0 0 0 0 0 0 0 4 1 0 0 0 0 0 3 1 1 0 0 0 0 0 0 0 0
0 0 16 0 6 3 0 7 0 0 1 1 0 0 0 0 0 0 0 0 27 0 15 5 0 3 0 0 0 0 0 0 0 0 0 0 4 1 0 0 0 0 0 3 1 1 0 0 0 0 0 0 2 0
0 0 16 0 6 3 0 7 0 0 1 0 0 0 0 0 0 2 0 0 27 0 12 5 0 0 0 0 0 0 0 0 0 0 0 0 4 1 0 0 0 0 0 3 1 1 0 0 0 0 0 0 0 0
0 0 16 0 6 3 0 7 0 0 1 0 0 0 0 0 0 2 0 0 27 0 12 5 0 0 0 0 0 0 0 0 0 0 0 0 4 1 0 0 0 0 0 3 1 1 0 0 0 0 0 0 0 0
0 0 16 0 6 3 0 7 0 0 1 0 2 0 0 0 0 0 0 0 27 0 12 5 0 0 0 0 0 0 0 0 0 0 0 0 4 1 0 0 0 0 0 3 1 1 0 0 0 0 0 0 0 0
0 0 16 0 6 3 0 7 0 0 1 0 2 0 0 0 0 2 0 0 25 0 12 5 0 0 0 0 0 0 0 0 0 0 0 0 4 1 0 0 0 0 0 3 1 1 0 0 0 0 0 0 0 0
0 0 16 0 6 3 0 7 0 0 1 0 2 0 0 0 0 0 0 0 27 0 12 5 0 0 0 0 0 0 0 0 0 0 0 0 4 1 0 0 0 0 0 3 1 1 0 0 0 0 0 0 0 0
2 0 16 0 6 3 0 7 0 0 1 0 0 0 0 0 0 0 0 0 27 0 12 5 0 0 0 0 0 0 0 0 0 0 0 0 4 1 0 0 0 0 0 3 1 1 0 0 0 0 0 0 0 0
0 0 16 0 6 3 0 7 0 0 1 0 0 0 0 0 0 0 0 0 27 0 12 5 0 0 0 0 0 0 0 0 0 0 2 0 4 1 0 0 0 0 0 3 1 1 0 0 0 0 0 0 0 0
0 0 18 0 6 3 0 7 0 0 1 0 0 0 0 0 0 3 3 0 27 0 12 5 0 0 0 0 0 0 0 0 0 0 0 0 4 1 0 0 0 0 0 3 1 1 0 0 0 0 0 0 0 0
0 0 16 0 6 3 0 7 0 0 1 0 0 0 0 0 0 0 0 0 27 0 12 5 0 0 0 0 0 0 0 0 0 0 0 0 6 1 0 0 0 0 0 3 1 1 2 1 0 0 0 0 0 0
0 0 14 0 6 1 0 7 0 0 1 0 2 0 0 0 0 0 0 0 27 0 8 5 2 0 0 0 0 0 0 0 0 0 0 0 4 1 0 0 0 0 0 3 1 1 0 0 0 0 0 0 0 0
0 0 14 1 6 2 0 7 0 0 1 0 2 0 0 0 0 0 0 0 25 0 9 5 1 0 0 0 0 0 0 0 0 0 0 0 4 1 0 0 0 0 0 3 1 1 0 0 0 0 0 0 0 0
0 0 14 0 6 1 0 7 0 0 1 0 2 0 0 0 0 0 0 0 24 0 5 5 2 0 0 0 0 0 0 0 0 0 0 0 4 1 0 0 0 0 0 3 1 1 0 0 0 0 0 0 0 0
0 0 15 2 6 1 0 7 0 0 1 0 2 0 0 0 0 0 0 0 29 0 9 5 2 0 0 0 0 0 0 0 0 0 0 0 4 1 0 0 0 0 0 3 1 1 0 0 0 0 0 0 0 0
0 0 16 0 6 1 0 7 0 0 1 0 2 0 0 0 0 0 0 0 29 0 10 5 2 0 0 0 0 0 0 0 0 0 0 0 4 1 0 0 0 0 0 3 1 1 0 0 0 0 0 0 0 0
0 0 15 0 6 2 0 7 0 0 1 0 2 0 0 0 0 0 0 0 30 0 10 5 1 0 0 0 0 0 0 0 0 0 0 0 4 1 0 0 0 0 0 3 1 1 0 0 0 0 0 0 0 0
0 0 18 3 6 1 0 7 0 0 1 0 2 0 0 0 0 0 0 0 28 0 6 5 2 0 0 0 0 0 0 0 0 0 0 0 4 1 0 0 0 0 0 3 1 1 0 0 0 0 0 0 0 0
0 0 17 2 6 1 0 7 0 0 1 0 2 0 0 0 0 0 0 0 37 0 11 5 2 0 0 0 0 0 0 0 0 0 0 0 4 1 0 0 0 0 0 3 1 1 0 0 0 0 0 0 0 0
0 0 19 5 6 2 0 7 0 0 1 0 2 0 0 0 0 0 0 0 35 0 8 5 1 0 0 0 0 0 0 0 0 0 0 0 4 1 0 0 0 0 0 3 1 1 0 0 0 0 0 0 0 0
0 0 20 3 6 2 0 7 0 0 1 0 2 0 0 0 0 0 0 0 41 0 9 5 1 0 0 0 0 0 0 0 0 0 0 0 4 1 0 0 0 0 0 3 1 1 0 0 0 0 0 0 0 0
0 0 21 3 6 2 0 7 0 0 1 0 2 0 0 0 0 0 0 0 45 0 10 5 1 0 0 0 0 0 0 0 0 0 0 0 4 1 0 0 0 0 0 3 1 1 0 0 0 0 0 0 0 0
0 0 21 6 6 1 0 7 0 0 1 0 2 0 0 0 0 0 0 0 24 0 4 5 2 0 0 0 0 0 0 0 0 0 0 0 4 1 0 0 0 0 0 3 1 1 0 0 0 0 0 0 0 0
0 0 19 4 6 2 0 7 0 0 1 0 2 0 0 0 0 0 0 0 24 0 3 5 0 0 0 0 0 0 0 0 0 0 0 0 4 1 0 0 0 0 0 3 1 1 0 0 0 0 0 0 0 0
0 0 10 0 4 0 0 7 0 0 0 0 0 0 0 0 0 0 0 0 10 0 4 7 0 0 2 1 0 0 0 0 0 0 0 0 5 1 1 0 0 0 0 2 1 0 0 0 0 0 0 0 0 0
0 0 10 0 4 1 0 7 0 0 1 0 0 0 0 0 0 0 0 0 15 0 8 7 2 0 0 0 0 0 0 0 0 0 0 0 4 1 0 0 0 0 0 3 1 1 0 0 0 0 0 0 0 0
0 0 10 0 4 1 0 7 0 0 1 0 2 0 0 0 0 0 0 0 13 0 8 7 2 0 0 0 0 0 0 0 0 0 0 0 4 1 0 0 0 0 0 3 1 1 0 0 0 0 0 0 0 0
0 0 10 0 4 1 0 7 0 0 1 0 2 0 0 0 0 0 0 0 13 0 8 7 2 0 0 0 0 0 0 0 0 0 0 0 4 1 0 0 0 0 0 3 1 1 0 0 0 0 0 0 0 0
0 0 10 0 4 1 0 7 0 0 1 0 2 0 0 0 0 0 0 0 13 0 8 7 2 0 0 0 0 0 0 0 0 0 0 0 4 1 0 0 0 0 0 3 1 1 0 0 0 0 0 0 0 0
0 0 10 0 4 1 0 7 0 0 1 0 2 0 0 0 0 0 0 0 13 0 8 7 2 0 0 0 0 0 0 0 0 0 0 0 4 1 0 0 0 0 0 3 1 1 0 0 0 0 0 0 0 0
0 0 10 0 4 1 0 7 0 0 1 0 0 0 0 0 0 2 0 0 13 0 8 7 2 0 0 0 0 0 0 0 0 0 0 0 4 1 0 0 0 0 0 3 1 1 0 0 0 0 0 0 0 0
0 0 10 0 4 1 0 7 0 0 1 0 0 0 0 0 0 2 0 0 13 0 8 7 2 0 0 0 0 0 0 0 0 0 0 0 4 1 0 0 0 0 0 3 1 1 0 0 0 0 0 0 0 0
0 0 10 0 4 1 0 7 0 0 1 0 0 0 0 0 0 2 0 0 13 0 8 7 2 0 0 0 0 0 0 0 0 0 0 0 4 1 0 0 0 0 0 3 1 1 0 0 0 0 0 0 0 0
0 0 12 1 6 0 0 7 0 0 1 0 2 0 0 0 0 0 0 0 13 0 5 5 3 0 0 0 0 0 0 0 0 0 0 0 4 1 0 0 0 0 0 3 1 1 0 0 0 0 0 0 0 0
0 0 12 3 6 1 0 7 0 0 1 0 2 0 0 0 0 0 0 0 16 0 6 5 2 0 0 0 0 0 0 0 0 0 0 0 4 1 0 0 0 0 0 3 1 1 0 0 0 0 0 0 0 0
0 0 15 1 6 3 0 7 0 0 1 0 2 0 0 0 0 0 0 0 22 0 11 5 0 0 0 0 0 0 0 0 0 0 0 0 4 1 0 0 0 0 0 3 1 1 0 0 0 0 0 0 0 0
0 0 17 4 6 1 0 7 0 0 1 0 2 0 0 0 0 0 0 0 23 0 5 5 2 0 0 0 0 0 0 0 0 0 0 0 4 1 0 0 0 0 0 3 1 1 0 0 0 0 0 0 0 0
0 0 18 3 6 2 0 7 0 0 1 0 2 0 0 0 0 0 0 0 33 0 7 5 1 0 0 0 0 0 0 0 0 0 0 0 4 1 0 0 0 0 0 3 1 1 0 0 0 0 0 0 0 0
0 0 20 7 6 1 0 7 0 0 1 0 2 0 0 0 0 0 0 0 19 0 3 5 2 0 0 0 0 0 0 0 0 0 0 0 4 1 0 0 0 0 0 3 1 1 0 0 0 0 0 0 0 0
0 0 15 0 6 3 0 7 0 0 1 0 0 0 0 0 0 2 0 0 23 0 11 5 0 0 0 0 0 0 0 0 0 0 0 0 4 1 0 0 0 0 0 3 1 1 0 0 0 0 0 0 0 0
0 0 15 1 6 3 0 7 0 0 1 0 2 0 0 0 0 2 0 0 20 0 11 5 0 0 0 0 0 0 0 0 0 0 0 0 4 1 0 0 0 0 0 3 1 1 0 0 0 0 0 0 0 0
2 0 15 1 6 3 0 7 0 0 1 0 0 0 0 0 0 0 0 0 22 0 11 5 0 0 0 0 0 0 0 0 0 0 0 0 4 1 0 0 0 0 0 3 1 1 0 0 0 0 0 0 0 0
0 0 15 1 6 3 0 7 0 0 1 0 0 0 0 0 0 0 0 0 22 0 11 5 0 0 0 0 0 0 0 0 0 0 2 0 4 1 0 0 0 0 0 3 1 1 0 0 0 0 0 0 0 0
0 0 14 7 6 1 0 7 0 0 1 0 0 0 0 0 0 0 0 0 22 0 8 5 2 0 0 0 0 0 0 0 0 0 0 0 4 1 0 0 0 0 0 3 1 1 0 0 0 0 0 0 0 0
0 0 5 0 7 0 0 12 0 0 1 0 2 0 0 0 0 0 0 0 16 0 7 15 1 0 0 0 0 0 0 0 0 0 0 0 8 1 2 0 0 0 0 2 2 1 0 0 0 0 0 0 0 0
0 0 9 0 4 0 3 11 0 0 1 2 1 1 0 0 0 0 0 0 21 0 9 12 1 4 0 0 0 0 0 0 0 0 0 0 7 2 2 0 0 0 0 2 2 1 0 0 0 0 0 0 3 0
0 0 13 0 4 0 0 1 2 0 0 0 0 0 0 0 0 3 3 0 15 0 3 0 0 0 0 0 0 0 0 0 0 0 0 0 2 2 0 3 0 0 0 0 0 0 0 0 0 0 0 0 0 0
0 0 18 0 4 0 0 2 1 0 0 0 0 0 0 0 0 0 0 0 19 0 0 1 0 0 2 0 0 0 0 0 0 0 0 0 4 0 0 2 0 0 0 1 1 0 0 0 0 0 0 0 0 0
0 0 18 0 4 0 0 2 1 0 1 0 0 0 0 0 0 0 0 0 17 0 3 1 3 0 2 0 0 0 0 0 0 0 0 0 4 0 0 2 0 0 0 3 1 0 0 0 0 0 0 0 0 0
0 0 18 0 4 0 0 2 1 0 0 0 2 0 0 0 0 0 0 0 17 0 0 1 0 0 2 0 0 0 0 0 0 0 0 0 4 0 0 2 0 0 0 1 1 0 0 0 0 0 0 0 0 0
0 0 26 0 5 0 0 4 1 0 0 0 0 0 0 0 0 0 0 0 31 0 1 3 0 0 0 0 0 0 0 0 0 0 0 0 4 0 0 2 0 0 0 1 1 0 0 0 0 0 0 0 0 0
0 0 26 0 5 0 0 4 1 0 1 0 0 0 0 0 0 0 0 0 29 0 4 3 3 0 0 0 0 0 0 0 0 0 0 0 4 0 0 2 0 0 0 3 1 0 0 0 0 0 0 0 0 0
0 0 26 0 5 0 0 4 1 0 0 0 2 0 0 0 0 0 0 0 29 0 1 3 0 0 0 0 0 0 0 0 0 0 0 0 4 0 0 2 0 0 0 1 1 0 0 0 0 0 0 0 0 0
0 0 26 0 5 0 0 4 1 0 0 0 0 0 0 0 0 2 0 0 29 0 1 3 0 0 0 0 0 0 0 0 0 0 0 0 4 0 0 2 0 0 0 1 1 0 0 0 0 0 0 0 0 0
0 0 18 0 4 0 0 2 1 0 0 0 0 0 0 0 0 0 0 0 19 0 0 1 0 0 0 0 0 0 1 0 0 0 0 0 4 0 0 2 0 0 0 1 1 0 0 0 0 0 0 0 0 0
0 0 18 0 4 0 0 2 1 0 1 0 0 0 0 0 0 0 0 0 17 0 3 1 3 0 0 0 0 0 1 0 0 0 0 0 4 0 0 2 0 0 0 3 1 0 0 0 0 0 0 0 0 0
0 0 18 0 4 0 0 2 1 0 0 0 2 0 0 0 0 0 0 0 17 0 0 1 0 0 0 0 0 0 1 0 0 0 0 0 4 0 0 2 0 0 0 1 1 0 0 0 0 0 0 0 0 0
0 0 18 0 4 0 0 2 1 0 0 0 0 0 0 0 0 2 0 0 17 0 0 1 0 0 0 0 0 0 1 0 0 0 0 0 4 0 0 2 0 0 0 1 1 0 0 0 0 0 0 0 0 0
0 0 18 0 4 0 0 2 1 0 0 0 0 0 0 0 0 0 0 0 19 0 0 1 0 0 0 0 0 0 0 0 0 1 0 0 4 0 0 2 0 0 0 0 0 0 0 0 0 0 0 0 1 1
0 0 18 0 4 0 0 2 1 0 0 0 1 1 0 0 0 0 0 0 19 0 0 1 0 0 0 0 0 0 0 0 0 0 0 0 4 0 0 2 0 0 0 0 0 0 0 0 0 0 0 0 0 0
0 0 28 0 3 0 0 2 0 0 0 0 0 0 0 0 0 0 0 0 43 0 6 4 0 0 2 0 0 0 0 0 0 0 0 0 3 0 0 0 0 0 0 0 0 0 0 0 0 0 0 0 0 0
0 0 28 0 3 0 0 2 0 0 0 0 0 0 0 0 0 0 0 0 43 0 6 4 0 0 2 0 0 0 0 0 0 0 0 0 3 0 0 0 0 0 0 0 0 0 0 0 0 0 0 0 0 0
0 0 12 0 1 0 0 1 0 0 1 0 0 0 0 0 0 0 0 0 11 0 3 1 3 0 0 0 0 0 0 0 0 0 0 0 2 0 0 0 0 0 0 2 0 1 0 0 0 0 0 0 0 0
0 0 12 0 1 0 0 1 0 0 0 0 0 0 0 0 0 0 0 0 11 0 0 1 0 0 0 0 0 0 1 0 0 0 0 0 2 0 0 0 0 0 0 2 0 1 0 0 0 0 0 0 0 0
0 0 12 0 1 0 0 1 0 0 0 0 0 0 0 0 0 0 0 0 12 0 0 1 1 0 0 0 0 0 0 0 0 0 0 0 2 0 0 0 0 0 0 1 0 0 0 0 0 0 0 0 0 0
0 0 12 0 2 0 0 1 0 0 1 0 0 0 0 0 0 0 0 0 11 0 3 1 3 0 0 0 0 0 0 0 0 0 0 0 1 0 0 0 0 0 0 2 0 1 0 0 0 0 0 0 0 0
0 0 11 0 1 0 0 1 0 0 0 0 0 0 0 0 0 0 0 0 12 0 0 2 0 0 0 0 0 0 0 0 0 0 0 0 1 0 0 0 0 0 0 0 0 0 0 0 0 0 0 0 0 0
0 0 12 0 2 0 0 1 0 0 3 0 0 0 0 0 0 0 0 0 7 0 9 1 9 0 0 0 0 0 0 0 0 0 0 0 1 0 0 0 0 0 0 6 0 1 0 0 0 0 0 0 0 0
0 0 11 0 1 0 0 1 0 0 0 0 0 0 0 0 0 0 0 0 12 0 3 4 0 0 2 0 0 0 2 0 0 0 0 0 1 0 0 0 0 0 0 4 0 0 0 0 0 0 0 0 0 0
0 0 11 0 1 0 0 1 0 0 2 0 0 0 0 0 0 0 0 0 12 0 9 4 6 0 2 0 0 0 0 0 0 0 0 0 1 0 0 0 0 0 0 4 0 0 0 0 0 0 0 0 0 0
0 0 12 0 2 0 0 1 0 0 0 0 0 0 0 0 0 0 0 0 16 0 2 3 0 0 2 0 0 0 1 0 0 0 0 0 1 0 0 0 0 0 0 2 0 1 0 0 0 0 0 0 0 0
0 0 12 0 2 0 0 1 0 0 1 0 0 0 0 0 0 0 0 0 16 0 5 3 3 0 2 0 0 0 0 0 0 0 0 0 1 0 0 0 0 0 0 2 0 1 0 0 0 0 0 0 0 0
0 0 12 0 2 0 0 1 0 0 3 0 0 0 0 0 0 0 0 0 12 0 11 3 9 0 2 0 0 0 0 0 0 0 0 0 1 0 0 0 0 0 0 6 0 1 0 0 0 0 0 0 0 0
0 0 12 0 2 0 0 1 0 0 0 0 0 0 0 0 0 0 0 0 12 0 2 3 0 0 2 0 0 0 3 0 0 0 0 0 1 0 0 0 0 0 0 6 0 1 0 0 0 0 0 0 0 0
0 0 12 0 1 0 0 4 0 0 0 0 0 0 0 0 0 0 0 0 13 0 8 9 0 0 2 0 0 0 1 0 0 0 0 0 3 0 0 0 0 0 0 2 0 0 0 0 0 0 0 0 0 0
0 0 12 0 1 0 0 4 0 0 0 0 0 0 0 0 0 0 0 0 15 0 8 9 0 0 2 0 0 0 0 0 0 0 0 0 3 0 0 0 0 0 0 0 0 0 0 0 0 0 0 0 0 0
0 0 13 0 2 0 0 4 0 0 1 0 0 0 0 0 0 0 0 0 15 0 10 8 3 0 2 0 0 0 0 0 0 0 0 0 3 0 0 0 0 0 0 2 0 1 0 0 0 0 0 0 0 0
0 0 19 0 4 0 1 2 2 0 1 1 0 0 0 0 0 0 0 0 26 0 4 0 3 2 0 0 0 0 0 0 0 0 0 0 2 1 0 1 0 0 0 1 1 0 0 0 0 0 0 0 1 1
0 0 19 0 4 0 1 2 2 0 1 1 2 0 0 0 0 0 0 0 24 0 4 0 3 2 0 0 0 0 0 0 0 0 0 0 2 1 0 1 0 0 0 1 1 0 0 0 0 0 0 0 1 1
0 0 17 0 4 2 0 2 2 0 3 0 0 0 0 0 0 0 0 0 22 0 6 0 6 0 0 0 0 0 0 0 0 0 0 0 2 1 0 1 0 0 0 4 2 0 0 0 0 0 0 0 0 0
0 0 17 0 4 2 0 2 2 0 3 0 0 0 0 0 0 0 0 0 22 0 6 0 6 0 0 0 0 0 0 0 0 0 0 0 2 1 0 1 0 0 0 4 2 0 0 0 0 0 0 0 0 0
0 0 21 0 4 0 1 2 2 0 1 1 0 0 0 0 0 0 0 0 27 0 7 0 3 2 0 0 0 0 0 0 0 0 0 0 2 1 0 1 0 0 0 1 1 0 0 0 0 0 0 0 1 1
0 0 19 0 4 0 1 2 2 0 2 1 0 0 0 0 0 0 0 0 24 0 7 0 6 2 0 0 0 0 0 0 0 0 0 0 2 1 0 1 0 0 0 3 1 0 0 0 0 0 0 0 1 1
0 0 19 0 4 0 1 2 2 0 2 1 0 0 0 0 0 0 0 0 24 0 7 0 6 2 0 0 0 0 0 0 0 0 0 0 2 1 0 1 0 0 0 3 1 0 0 0 0 0 0 0 1 1
0 0 19 0 4 0 1 2 2 0 1 1 0 0 0 0 0 0 0 0 24 0 4 0 3 2 0 0 0 0 0 0 0 0 0 0 4 1 0 1 0 0 0 1 1 0 2 1 0 0 0 0 1 1
0 0 19 0 4 0 1 2 2 0 1 1 0 0 0 0 0 0 0 0 24 0 4 0 3 2 2 1 0 0 0 0 0 0 0 0 4 1 0 1 0 0 0 1 1 0 0 0 0 0 0 0 1 1
0 0 19 0 4 1 0 2 2 0 3 0 0 0 0 0 0 0 0 0 24 0 7 0 8 0 0 0 0 0 0 0 0 0 0 0 2 1 0 1 0 0 0 4 2 0 0 0 0 0 0 0 0 0
0 0 19 0 4 0 1 2 2 0 1 1 0 0 0 0 0 0 0 0 24 0 4 0 3 2 2 1 0 0 0 0 0 0 0 0 4 1 0 1 0 0 0 1 1 0 0 0 0 0 0 0 1 1
0 0 19 0 5 0 0 3 2 0 2 0 0 0 0 0 0 0 0 0 24 0 7 2 6 0 2 0 0 0 0 0 0 0 0 0 3 2 0 1 0 0 0 3 1 0 0 0 0 0 0 0 0 0
0 0 19 0 4 0 1 2 2 0 2 1 0 0 0 0 0 2 0 0 22 0 7 0 6 2 0 0 0 0 0 0 0 0 0 0 2 1 0 1 0 0 0 3 1 0 0 0 0 0 0 0 1 1
0 0 13 0 4 0 0 2 2 0 1 0 0 0 0 0 0 1 0 1 15 0 6 0 3 0 0 0 0 0 0 0 0 0 0 0 2 1 0 1 0 0 0 1 1 0 0 0 0 0 0 0 0 0
0 0 16 0 6 0 0 4 2 0 2 0 0 0 0 0 0 0 0 0 20 0 7 4 6 0 2 0 0 0 0 0 0 0 0 0 4 2 0 1 0 0 0 3 1 0 0 0 0 0 0 0 0 0
0 0 19 0 4 0 1 2 2 0 2 1 0 0 0 0 0 2 0 0 22 0 7 0 6 2 0 0 0 0 0 0 0 0 0 0 2 1 0 1 0 0 0 3 1 0 0 0 0 0 0 0 1 1
0 0 17 0 4 2 0 2 2 0 3 0 0 0 0 0 0 2 0 0 20 0 6 0 6 0 0 0 0 0 0 0 0 0 0 0 2 1 0 1 0 0 0 4 2 0 0 0 0 0 0 0 0 0
0 0 19 0 5 0 0 3 2 0 2 0 0 0 0 0 0 2 0 0 22 0 7 2 6 0 2 0 0 0 0 0 0 0 0 0 3 2 0 1 0 0 0 3 1 0 0 0 0 0 0 0 0 0
0 0 21 0 4 0 1 2 2 0 2 1 0 0 0 0 0 3 3 0 22 0 7 0 6 2 0 0 0 0 0 0 0 0 0 0 2 1 0 1 0 0 0 3 1 0 0 0 0 0 0 0 1 1
0 0 18 0 6 2 0 3 2 0 2 0 0 0 0 0 0 0 0 0 27 0 7 2 3 0 2 0 0 0 0 0 0 0 0 0 3 1 0 1 0 0 0 4 2 0 0 0 0 0 0 0 0 0
0 0 19 0 5 0 0 3 2 0 2 0 0 0 0 0 0 0 0 0 22 0 7 2 6 0 2 0 0 0 0 0 0 0 0 0 5 2 0 1 0 0 0 3 1 0 2 1 0 0 0 0 0 0
0 0 21 0 5 0 0 3 2 0 2 0 0 0 0 0 0 0 0 0 25 0 10 2 6 0 2 0 0 0 0 0 0 0 0 0 3 2 0 1 0 0 0 3 1 0 0 0 0 0 0 0 0 0
0 0 19 0 5 0 0 3 2 0 2 0 0 0 0 0 0 2 0 0 22 0 7 2 6 0 2 0 0 0 0 0 0 0 0 0 3 2 0 1 0 0 0 3 1 0 0 0 0 0 0 0 0 0
0 0 19 0 5 0 0 3 2 0 2 0 0 0 0 0 0 0 0 0 22 0 7 2 6 0 4 1 0 0 0 0 0 0 0 0 5 2 0 1 0 0 0 3 1 0 0 0 0 0 0 0 0 0
0 0 19 0 5 0 0 3 2 0 2 0 0 0 0 0 0 0 0 0 22 0 7 2 6 0 4 1 0 0 0 0 0 0 0 0 5 2 0 1 0 0 0 3 1 0 0 0 0 0 0 0 0 0
0 0 12 0 6 0 0 3 2 0 0 0 1 1 0 0 0 0 0 0 19 0 4 2 0 0 2 0 0 0 0 0 0 0 0 0 3 1 0 1 0 0 0 1 1 0 0 0 0 0 0 0 0 0
0 0 22 0 6 1 0 3 2 0 0 0 0 0 0 0 0 1 0 1 27 0 4 2 0 0 2 0 0 0 0 0 0 0 0 0 3 1 0 1 0 0 0 0 1 0 0 0 0 0 0 0 0 0
0 0 20 0 6 1 0 3 2 0 0 0 0 0 0 0 0 0 0 0 27 0 1 3 0 0 2 0 0 0 0 0 0 0 0 0 3 1 0 1 0 0 0 0 1 0 0 0 0 0 0 0 0 0
0 0 4 0 2 0 0 1 0 0 0 0 0 0 0 0 0 0 0 0 8 0 0 1 1 0 0 0 0 0 0 0 0 0 0 0 1 0 0 0 0 0 0 1 0 0 0 0 0 0 0 0 0 0
0 0 5 0 1 0 0 1 0 0 0 0 0 0 0 0 0 0 0 0 7 0 0 2 1 0 0 0 0 0 0 0 0 0 0 0 1 0 0 0 0 0 0 1 0 0 0 0 0 0 0 0 0 0
0 0 5 0 2 1 0 1 0 0 0 0 0 0 0 0 0 0 0 0 10 0 3 1 0 0 0 0 0 0 0 0 0 0 0 0 1 0 0 0 0 0 0 1 0 0 0 0 0 0 0 0 0 0
0 0 4 0 2 0 0 3 0 0 0 0 0 0 0 0 0 0 0 0 8 0 2 5 0 0 4 0 0 0 1 0 0 0 0 0 5 1 0 0 0 0 0 2 0 1 0 0 0 0 0 0 0 0
0 0 13 0 3 0 0 3 0 0 0 0 0 0 0 0 0 0 0 0 18 0 1 4 0 0 4 0 0 0 1 0 0 0 0 0 5 1 0 0 0 0 0 2 0 1 0 0 0 0 0 0 0 0
0 0 13 0 3 0 0 3 0 0 1 0 0 0 0 0 0 0 0 0 18 0 4 4 3 0 4 0 0 0 0 0 0 0 0 0 5 1 0 0 0 0 0 2 0 1 0 0 0 0 0 0 0 0
0 0 4 0 2 0 0 3 0 0 1 0 0 0 0 0 0 0 0 0 3 0 3 3 3 0 2 0 0 0 0 0 0 0 0 0 5 1 0 0 0 0 0 2 0 1 0 0 0 0 0 0 0 0
0 0 13 0 3 0 0 3 0 0 1 0 0 0 0 0 0 0 0 0 12 0 3 2 3 0 2 0 0 0 0 0 0 0 0 0 5 1 0 0 0 0 0 2 0 1 0 0 0 0 0 0 0 0
0 0 24 0 6 0 0 6 0 0 0 0 0 0 0 0 0 0 0 0 36 0 5 5 0 0 0 0 0 0 0 0 0 0 0 0 3 0 0 0 0 0 0 1 1 0 0 0 0 0 0 0 0 0
0 0 25 0 7 0 0 6 0 0 1 0 0 0 0 0 0 0 0 0 36 0 7 4 3 0 0 0 0 0 0 0 0 0 0 0 3 0 0 0 0 0 0 3 1 1 0 0 0 0 0 0 0 0
0 0 16 0 5 0 0 4 0 0 0 0 0 0 0 0 0 0 0 0 15 0 0 1 0 0 0 0 0 0 0 0 0 0 0 0 3 0 0 0 0 0 0 1 1 0 0 0 0 0 0 0 0 0
0 0 17 0 6 0 0 4 0 0 1 0 0 0 0 0 0 0 0 0 14 0 3 0 3 0 0 0 0 0 0 0 0 0 0 0 3 0 0 0 0 0 0 3 1 1 0 0 0 0 0 0 0 0
0 0 18 0 6 0 0 4 0 0 1 0 0 0 0 0 0 0 0 0 16 0 4 2 3 0 0 0 0 0 0 0 0 0 0 0 3 0 0 0 0 0 0 4 0 1 0 0 0 0 0 0 0 0
0 0 14 0 4 0 0 3 0 0 0 0 0 0 0 0 0 0 0 0 11 0 3 4 0 0 4 0 0 0 0 0 0 0 0 0 4 0 1 0 0 0 0 1 0 0 0 0 0 0 0 0 0 0
0 0 17 0 4 0 0 2 0 0 3 0 0 0 0 0 0 0 0 0 12 0 13 1 9 0 2 0 0 0 0 0 0 0 0 0 3 0 0 0 0 0 0 6 0 1 0 0 0 0 0 0 0 0
0 0 14 0 4 0 0 2 0 0 1 0 0 0 0 0 0 0 0 0 11 0 3 1 3 0 2 0 0 0 0 0 0 0 0 0 3 0 0 0 0 0 0 2 0 1 0 0 0 0 0 0 0 0
0 0 15 0 3 2 0 2 0 0 1 0 0 0 0 0 0 0 0 0 23 0 7 1 1 0 2 0 0 0 0 0 0 0 0 0 3 0 0 0 0 0 0 1 1 0 0 0 0 0 0 0 0 0
0 0 16 0 3 1 0 2 0 0 1 0 0 0 0 0 0 0 0 0 22 0 7 1 2 0 2 0 0 0 0 0 0 0 0 0 3 0 0 0 0 0 0 1 1 0 0 0 0 0 0 0 0 0
0 0 17 0 3 1 0 2 0 0 1 0 0 0 0 0 0 0 0 0 26 0 8 1 2 0 2 0 0 0 0 0 0 0 0 0 3 0 0 0 0 0 0 1 1 0 0 0 0 0 0 0 0 0
0 0 19 0 3 1 0 2 0 0 1 0 0 0 0 0 0 0 0 0 22 0 10 1 2 0 2 0 0 0 0 0 0 0 0 0 3 0 0 0 0 0 0 1 1 0 0 0 0 0 0 0 0 0
0 0 21 0 3 1 0 2 0 0 1 0 0 0 0 0 0 0 0 0 23 0 1 1 2 0 2 0 0 0 0 0 0 0 0 0 3 0 0 0 0 0 0 1 1 0 0 0 0 0 0 0 0 0
0 0 21 0 4 1 0 2 0 0 0 0 0 0 0 0 0 0 0 0 20 0 9 1 0 0 2 0 0 0 0 0 0 0 0 0 3 0 0 0 0 0 0 1 0 0 0 0 0 0 0 0 0 0
0 0 14 0 4 1 0 2 0 0 1 0 0 0 0 0 0 0 0 0 16 0 4 1 2 0 2 0 0 0 0 0 0 0 0 0 3 0 0 0 0 0 0 2 0 1 0 0 0 0 0 0 0 0
0 0 20 0 4 1 0 2 0 0 1 0 0 0 0 0 0 0 0 0 22 0 10 1 2 0 2 0 0 0 0 0 0 0 0 0 3 0 0 0 0 0 0 2 0 1 0 0 0 0 0 0 0 0
0 0 17 0 4 3 0 2 0 0 1 0 0 0 0 0 0 0 0 0 20 0 9 1 0 0 2 0 0 0 0 0 0 0 0 0 3 0 0 0 0 0 0 2 0 1 0 0 0 0 0 0 0 0
0 0 16 0 5 0 0 2 0 0 1 0 0 0 0 0 0 0 0 0 15 0 7 0 3 0 2 0 0 0 1 0 0 0 0 0 3 0 0 0 0 0 0 4 0 1 0 0 0 0 0 0 0 0
0 0 16 0 5 0 0 2 0 0 1 0 0 0 0 0 0 0 0 0 17 0 7 0 3 0 2 0 0 0 0 0 0 0 0 0 3 0 0 0 0 0 0 2 0 1 0 0 0 0 0 0 0 0
0 0 23 0 5 0 0 2 0 0 1 0 0 0 0 0 0 0 0 0 20 0 3 0 3 0 2 0 0 0 0 0 0 0 0 0 3 0 0 0 0 0 0 2 0 1 0 0 0 0 0 0 0 0
0 0 15 0 4 0 0 2 0 0 0 0 0 0 0 0 0 0 0 0 12 0 0 1 0 0 2 0 0 0 0 0 0 0 0 0 3 0 0 0 0 0 0 0 0 0 0 0 0 0 0 0 0 0
0 0 14 0 4 0 0 2 0 0 0 0 0 0 0 0 0 0 0 0 14 0 3 1 0 0 2 0 0 0 0 0 0 0 0 0 3 0 0 0 0 0 0 0 0 0 0 0 0 0 0 0 0 0
0 0 14 0 4 0 0 2 0 0 0 0 0 0 0 0 0 0 0 0 11 0 0 1 0 0 2 0 0 0 1 0 0 0 0 0 3 0 0 0 0 0 0 2 0 1 0 0 0 0 0 0 0 0
0 0 15 0 4 1 0 2 0 0 0 0 0 0 0 0 0 0 0 0 14 0 3 1 0 0 2 0 0 0 0 0 0 0 0 0 3 0 0 0 0 0 0 1 0 0 0 0 0 0 0 0 0 0
0 0 14 0 4 0 0 2 0 0 0 0 0 0 0 0 0 0 0 0 12 0 0 1 1 0 2 0 0 0 0 0 0 0 0 0 3 0 0 0 0 0 0 1 0 0 0 0 0 0 0 0 0 0
0 0 14 0 4 0 0 2 0 0 1 0 0 0 0 0 0 0 0 0 9 0 3 1 3 0 2 0 0 0 1 0 0 0 0 0 3 0 0 0 0 0 0 4 0 1 0 0 0 0 0 0 0 0
0 0 15 0 4 1 0 2 0 0 1 0 0 0 0 0 0 0 0 0 20 0 5 1 2 0 2 0 0 0 0 0 0 0 0 0 3 0 0 0 0 0 0 2 0 1 0 0 0 0 0 0 0 0
0 0 14 0 4 0 0 4 0 0 1 0 0 0 0 0 0 0 0 0 11 0 6 4 3 0 0 0 0 0 0 0 0 0 0 0 3 0 0 0 0 0 0 2 0 1 0 0 0 0 0 0 0 0
0 0 14 0 4 0 0 2 0 0 0 0 0 0 0 0 0 0 0 0 13 0 1 1 2 0 2 0 0 0 1 0 0 0 0 0 3 0 0 0 0 0 0 1 0 0 0 0 0 0 0 0 0 0
0 0 15 0 4 1 0 2 0 0 0 0 0 0 0 0 0 0 0 0 16 0 3 1 1 0 2 0 0 0 1 0 0 0 0 0 3 0 0 0 0 0 0 1 0 0 0 0 0 0 0 0 0 0
0 0 14 0 3 2 0 2 0 0 1 0 0 0 0 0 0 0 0 0 19 0 6 1 1 0 2 0 0 0 0 0 0 0 0 0 3 0 0 0 0 0 0 1 1 0 0 0 0 0 0 0 0 0
0 0 15 0 3 1 0 2 0 0 1 0 0 0 0 0 0 0 0 0 24 0 6 1 2 0 2 0 0 0 0 0 0 0 0 0 3 0 0 0 0 0 0 1 1 0 0 0 0 0 0 0 0 0
0 0 17 0 4 1 0 2 0 0 0 0 0 0 0 0 0 0 0 0 22 0 5 1 0 0 2 0 0 0 0 0 0 0 0 0 3 0 0 0 0 0 0 1 0 0 0 0 0 0 0 0 0 0
0 0 17 0 4 0 0 2 0 0 0 0 0 0 0 0 0 0 0 0 26 0 6 1 0 0 2 0 0 0 0 0 0 0 0 0 3 0 0 0 0 0 0 0 0 0 0 0 0 0 0 0 0 0
0 0 14 0 4 0 0 2 0 0 0 0 0 0 0 0 0 0 0 0 11 0 0 1 0 0 4 1 0 0 0 0 0 0 0 0 4 0 1 0 0 0 0 1 0 0 0 0 0 0 0 0 0 0
0 0 14 0 4 2 0 2 0 0 1 0 0 0 0 0 0 0 0 0 16 0 4 1 2 0 2 0 0 0 0 0 0 0 0 0 3 0 0 0 0 0 0 1 0 1 0 0 0 0 0 0 0 0
0 0 13 0 3 0 0 2 0 0 0 0 1 1 0 0 0 0 0 0 11 0 0 1 0 0 2 0 0 0 0 0 0 0 0 0 3 0 0 0 0 0 0 0 0 0 0 0 0 0 0 0 0 0
0 0 13 0 3 0 0 2 0 0 0 0 0 0 0 0 0 0 0 0 11 0 0 1 0 0 2 0 0 0 0 0 0 0 0 0 4 1 0 0 0 0 0 0 0 0 2 1 0 0 0 0 0 0
0 0 13 0 3 0 0 3 0 0 0 0 0 0 0 0 0 0 0 0 11 0 0 1 0 0 2 0 0 0 0 0 0 0 0 0 4 1 0 0 0 0 0 0 0 0 0 0 0 0 0 0 0 1
0 0 13 0 3 0 0 2 0 0 0 0 0 0 0 0 0 0 0 0 12 0 0 2 0 0 2 0 0 0 0 0 0 0 0 0 3 0 0 0 0 0 0 0 0 0 0 0 0 0 0 0 0 0
0 0 13 0 3 0 0 2 0 0 1 0 0 0 0 0 0 0 0 0 11 0 3 1 3 0 2 0 0 0 0 0 0 0 0 0 3 0 0 0 0 0 0 1 1 0 0 0 0 0 0 0 0 0
0 0 13 0 3 1 0 2 0 0 1 0 0 0 0 0 0 0 0 0 16 0 4 1 2 0 2 0 0 0 0 0 0 0 0 0 3 0 0 0 0 0 0 1 1 0 0 0 0 0 0 0 0 0
0 0 14 0 3 1 0 2 0 0 1 0 0 0 0 0 0 0 0 0 20 0 5 1 2 0 2 0 0 0 0 0 0 0 0 0 3 0 0 0 0 0 0 1 1 0 0 0 0 0 0 0 0 0
0 0 13 0 3 0 0 2 0 0 0 0 0 0 0 0 0 0 0 0 11 0 0 1 0 0 4 1 0 0 0 0 0 0 0 0 4 1 0 0 0 0 0 0 0 0 0 0 0 0 0 0 0 0
0 0 13 0 3 0 0 2 0 0 0 0 0 0 0 0 0 0 0 0 11 0 0 1 0 0 2 0 0 0 1 0 0 0 0 0 3 0 0 0 0 0 0 1 1 0 0 0 0 0 0 0 0 0
0 0 21 0 4 0 0 3 0 0 0 0 0 0 0 0 0 0 0 0 22 0 1 4 0 0 4 0 0 0 0 0 0 0 0 0 5 0 0 0 0 0 0 0 0 0 0 0 0 0 0 0 0 0
0 0 21 0 4 0 0 3 0 0 0 0 0 0 0 0 0 0 0 0 23 0 1 3 0 0 4 0 0 0 0 0 0 0 0 0 4 1 0 0 0 0 0 0 0 0 0 0 0 0 0 0 0 0
0 0 22 0 4 0 0 3 0 0 1 0 0 0 0 0 0 0 0 0 21 0 4 3 3 0 4 0 0 0 0 0 0 0 0 0 6 0 0 0 0 0 0 2 0 1 0 0 0 0 0 0 0 0
0 0 22 0 4 0 0 3 0 0 0 0 0 0 0 0 0 0 0 0 23 0 2 3 2 0 4 0 0 0 1 0 0 0 0 0 6 0 0 0 0 0 0 1 0 0 0 0 0 0 0 0 0 0
0 0 13 0 3 0 0 2 0 0 0 0 0 0 0 0 0 0 0 0 10 0 0 2 0 0 4 1 0 0 0 0 0 0 0 0 5 0 0 0 0 0 0 0 0 0 0 0 0 0 0 0 0 0
0 0 24 0 3 0 0 2 0 0 0 0 0 0 0 0 0 0 0 0 26 0 1 2 0 0 4 0 0 0 0 0 0 0 0 0 4 0 0 0 0 0 0 0 0 0 0 0 0 0 0 0 0 0
0 0 14 0 4 0 0 2 0 0 1 0 0 0 0 0 0 0 0 0 11 0 3 1 3 0 2 0 0 0 0 0 0 0 0 0 3 0 0 0 0 0 0 2 0 1 0 0 0 0 0 0 0 0
0 0 14 0 2 1 2 1 0 0 1 1 0 0 0 0 0 0 0 0 16 0 4 1 2 0 0 0 0 0 0 0 0 0 0 0 1 0 0 0 0 0 0 2 0 1 0 0 0 0 0 0 2 0
0 0 19 0 2 1 0 1 0 0 1 0 0 0 0 0 0 0 0 0 16 0 4 1 2 0 0 0 0 0 0 0 0 0 0 0 1 0 0 0 0 0 0 4 0 1 0 0 0 0 0 0 0 0
0 0 19 0 2 1 0 1 0 0 1 0 0 0 0 0 0 0 0 0 16 0 4 1 2 0 0 0 0 0 0 1 0 0 0 0 3 0 0 0 0 0 0 2 0 1 1 0 0 0 0 0 0 0
0 0 14 0 2 1 0 1 0 0 2 0 0 0 0 0 0 0 0 0 16 0 4 1 2 0 0 0 0 0 0 0 0 0 0 0 1 0 0 0 0 0 0 6 0 1 0 0 0 0 0 0 0 0
0 0 19 0 2 1 0 1 0 0 1 0 0 0 0 0 0 0 0 0 20 0 5 1 2 0 0 0 0 0 0 0 0 0 0 0 1 0 0 0 0 0 0 2 0 1 0 0 0 0 0 0 0 0
0 0 23 0 5 0 0 2 0 0 1 0 0 0 0 0 0 0 0 0 26 0 4 2 3 0 4 0 0 0 0 0 0 0 0 0 3 0 0 0 0 0 0 2 0 1 0 0 0 0 0 0 0 0
0 0 14 0 4 0 0 4 0 0 1 0 0 0 0 0 0 0 0 0 16 0 8 6 3 0 2 0 0 0 0 0 0 0 0 0 3 0 0 0 0 0 0 2 0 1 0 0 0 0 0 0 0 0
0 0 23 0 5 0 0 4 0 0 1 0 0 0 0 0 0 0 0 0 26 0 7 5 3 0 2 0 0 0 0 0 0 0 0 0 3 0 0 0 0 0 0 2 0 1 0 0 0 0 0 0 0 0
0 0 23 0 5 0 0 2 0 0 0 0 0 0 0 0 0 0 0 0 28 0 2 2 2 0 4 0 0 0 1 0 0 0 0 0 3 0 0 0 0 0 0 1 0 0 0 0 0 0 0 0 0 0
0 0 15 0 5 0 0 2 0 0 1 0 0 0 0 0 0 0 0 0 19 0 7 2 3 0 4 0 0 0 0 0 0 0 0 0 3 0 0 0 0 0 0 2 0 1 0 0 0 0 0 0 0 0
0 0 15 0 5 0 0 2 0 0 1 0 0 0 0 0 0 0 0 0 18 0 5 2 5 0 4 0 0 0 1 0 0 0 0 0 3 0 0 0 0 0 0 3 0 1 0 0 0 0 0 0 0 0
0 0 16 0 5 0 0 2 0 0 1 0 0 0 0 0 0 0 0 0 23 0 8 2 3 0 4 0 0 0 0 0 0 0 0 0 3 0 0 0 0 0 0 2 0 1 0 0 0 0 0 0 0 0
0 0 16 0 5 0 0 2 0 0 1 0 0 0 0 0 0 0 0 0 21 0 8 2 3 0 4 0 0 0 1 0 0 0 0 0 3 0 0 0 0 0 0 4 0 1 0 0 0 0 0 0 0 0
0 0 14 0 4 0 0 2 0 0 1 0 0 0 0 0 0 0 0 0 14 0 5 3 3 0 4 0 0 0 1 0 0 0 0 0 3 0 0 0 0 0 0 4 0 1 0 0 0 0 0 0 0 0
0 0 13 0 3 0 0 2 0 0 1 0 0 0 0 0 0 0 0 0 14 0 6 4 3 0 4 0 0 0 0 0 0 0 0 0 3 0 0 0 0 0 0 2 0 0 0 0 0 0 0 0 0 0
0 0 13 0 3 0 0 2 0 0 0 0 0 0 0 0 0 0 0 0 16 0 3 4 0 0 4 0 0 0 0 0 0 0 0 0 3 0 0 0 0 0 0 0 0 0 0 0 0 0 0 0 0 0
0 0 13 0 3 0 0 4 0 0 0 0 0 0 0 0 0 0 0 0 16 0 6 7 0 0 2 0 0 0 0 0 0 0 0 0 3 0 0 0 0 0 0 0 0 0 0 0 0 0 0 0 0 0
0 0 13 0 3 0 0 2 0 0 0 0 0 0 0 0 0 0 0 0 14 0 3 4 0 0 4 0 0 0 1 0 0 0 0 0 3 0 0 0 0 0 0 2 0 0 0 0 0 0 0 0 0 0
0 0 20 0 5 0 0 3 0 0 1 0 0 0 0 0 0 0 0 0 22 0 4 4 3 0 4 0 0 0 0 0 0 0 0 0 5 0 0 0 0 0 0 2 0 1 0 0 0 0 0 0 0 0
0 0 16 0 5 0 0 4 0 0 1 0 0 0 0 0 0 0 0 0 23 0 11 5 3 0 2 0 0 0 0 0 0 0 0 0 3 0 0 0 0 0 0 2 0 1 0 0 0 0 0 0 0 0
0 0 22 0 5 0 0 3 0 0 0 0 0 0 0 0 0 0 0 0 17 0 0 1 0 0 4 0 0 0 0 0 0 0 0 0 6 0 0 0 0 0 0 0 0 0 0 0 0 0 0 0 0 0
0 0 22 0 5 0 0 3 0 0 0 0 0 0 0 0 0 2 0 0 15 0 0 1 0 0 4 0 0 0 0 0 0 0 0 0 6 0 0 0 0 0 0 0 0 0 0 0 0 0 0 0 0 0
0 0 22 0 5 0 0 3 0 0 0 0 0 0 0 0 0 2 0 0 15 0 0 1 0 0 4 0 0 0 0 0 0 0 0 0 6 0 0 0 0 0 0 0 0 0 0 0 0 0 0 0 0 0
0 0 22 0 5 0 0 3 0 0 1 0 0 0 0 0 0 0 0 0 15 0 3 1 3 0 4 0 0 0 0 0 0 0 0 0 6 0 0 0 0 0 0 2 0 0 0 0 0 0 0 0 0 0
0 0 22 0 5 0 0 3 0 0 0 0 0 0 0 0 0 2 0 0 15 0 0 1 0 0 4 0 0 0 0 0 0 0 0 0 6 0 0 0 0 0 0 0 0 0 0 0 0 0 0 0 0 0
0 0 22 0 5 0 0 3 0 0 1 0 0 0 0 0 0 0 0 0 15 0 3 1 3 0 4 0 0 0 0 0 0 0 0 0 6 0 0 0 0 0 0 2 0 0 0 0 0 0 0 0 0 0
0 0 22 0 5 0 0 5 0 0 0 0 0 0 0 0 0 0 0 0 17 0 3 4 0 0 2 0 0 0 0 0 0 0 0 0 6 0 0 0 0 0 0 0 0 0 0 0 0 0 0 0 0 0
0 0 24 0 5 0 0 3 0 0 0 0 0 0 0 0 0 0 0 0 18 0 3 1 0 0 4 0 0 0 0 0 0 0 0 0 6 0 0 0 0 0 0 0 0 0 0 0 0 0 0 0 0 0
0 0 24 0 5 0 0 3 0 0 0 0 0 0 0 0 0 0 0 0 18 0 3 1 0 0 4 0 0 0 0 0 0 0 0 0 6 0 0 0 0 0 0 0 0 0 0 0 0 0 0 0 0 0
0 0 24 0 5 0 0 3 0 0 0 0 0 0 0 0 0 0 0 0 18 0 3 1 0 0 4 0 0 0 0 0 0 0 0 0 6 0 0 0 0 0 0 0 0 0 0 0 0 0 0 0 0 0
0 0 24 0 5 0 0 3 0 0 0 0 0 0 0 0 0 0 0 0 18 0 3 1 0 0 4 0 0 0 0 0 0 0 0 0 6 0 0 0 0 0 0 0 0 0 0 0 0 0 0 0 0 0
0 0 22 0 5 0 0 5 0 0 0 0 0 0 0 0 0 0 0 0 17 0 3 4 0 0 2 0 0 0 0 0 0 0 0 0 6 0 0 0 0 0 0 0 0 0 0 0 0 0 0 0 0 0
0 0 22 0 5 0 0 7 0 0 0 0 0 0 0 0 0 0 0 0 17 0 6 7 0 0 0 0 0 0 0 0 0 0 0 0 6 0 0 0 0 0 0 0 0 0 0 0 0 0 0 0 0 0
0 0 22 0 5 0 0 3 0 0 1 0 0 0 0 0 0 0 0 0 15 0 3 1 3 0 4 0 0 0 0 0 0 0 0 0 6 0 0 0 0 0 0 2 0 0 0 0 0 0 0 0 0 0
0 0 22 0 5 0 0 3 0 0 0 0 2 0 0 0 0 0 0 0 15 0 0 1 0 0 4 0 0 0 0 0 0 0 0 0 6 0 0 0 0 0 0 0 0 0 0 0 0 0 0 0 0 0
0 0 24 0 6 0 0 3 0 0 0 0 0 0 0 0 0 0 0 0 23 0 4 0 0 0 4 0 0 0 0 0 0 0 0 0 6 0 0 0 0 0 0 0 0 0 0 0 0 0 0 0 0 0
0 0 22 0 5 0 0 3 0 0 0 0 2 0 0 0 0 0 0 0 15 0 0 1 0 0 4 0 0 0 0 0 0 0 0 0 6 0 0 0 0 0 0 0 0 0 0 0 0 0 0 0 0 0
2 0 22 0 5 0 0 3 0 0 0 0 0 0 0 0 0 0 0 0 15 0 0 1 0 0 4 0 0 0 0 0 0 0 0 0 6 0 0 0 0 0 0 0 0 0 0 0 0 0 0 0 0 0
0 0 30 0 5 1 0 3 0 0 1 0 0 0 0 0 0 0 0 0 27 0 1 1 2 0 4 0 0 0 0 0 0 0 0 0 6 0 0 0 0 0 0 2 0 0 0 0 0 0 0 0 0 0
0 0 22 0 5 0 0 3 0 0 0 0 0 0 0 0 0 0 0 0 15 0 0 1 0 0 4 0 0 0 1 0 0 0 0 0 6 0 0 0 0 0 0 2 0 0 0 0 0 0 0 0 0 0
0 0 22 0 5 0 0 3 0 0 0 0 2 0 0 0 0 0 0 0 15 0 0 1 0 0 4 0 0 0 0 0 0 0 0 0 6 0 0 0 0 0 0 0 0 0 0 0 0 0 0 0 0 0
2 0 22 0 5 0 0 3 0 0 0 0 0 0 0 0 0 0 0 0 15 0 0 1 0 0 4 0 0 0 0 0 0 0 0 0 6 0 0 0 0 0 0 0 0 0 0 0 0 0 0 0 0 0
0 0 22 0 5 0 0 3 0 0 0 0 2 0 0 0 0 0 0 0 15 0 0 1 0 0 4 0 0 0 0 0 0 0 0 0 6 0 0 0 0 0 0 0 0 0 0 0 0 0 0 0 0 0
2 0 22 0 5 0 0 3 0 0 0 0 0 0 0 0 0 0 0 0 15 0 0 1 0 0 4 0 0 0 0 0 0 0 0 0 6 0 0 0 0 0 0 0 0 0 0 0 0 0 0 0 0 0
0 0 30 0 5 1 0 3 0 0 1 0 0 0 0 0 0 0 0 0 27 0 1 1 2 0 4 0 0 0 0 0 0 0 0 0 6 0 0 0 0 0 0 2 0 0 0 0 0 0 0 0 0 0
0 0 22 0 5 0 0 3 0 0 0 0 0 0 0 0 0 0 0 0 15 0 0 1 0 0 4 0 0 0 1 0 0 0 0 0 6 0 0 0 0 0 0 2 0 0 0 0 0 0 0 0 0 0
0 0 30 0 5 1 0 3 0 0 1 0 0 0 0 0 0 0 0 0 27 0 1 1 2 0 4 0 0 0 0 0 0 0 0 0 6 0 0 0 0 0 0 2 0 0 0 0 0 0 0 0 0 0
0 0 22 0 5 0 0 3 0 0 0 0 0 0 0 0 0 0 0 0 15 0 0 1 0 0 4 0 0 0 1 0 0 0 0 0 6 0 0 0 0 0 0 2 0 0 0 0 0 0 0 0 0 0
0 0 22 0 5 0 0 3 0 0 0 0 0 0 0 0 0 0 0 0 15 0 0 1 0 0 4 0 0 0 0 0 0 0 0 0 8 0 0 0 0 0 0 0 0 0 2 1 0 0 0 0 0 0
0 0 22 0 5 0 0 3 0 0 0 0 2 0 0 0 0 0 0 0 13 0 0 1 0 0 4 0 0 0 0 0 0 0 0 0 8 0 0 0 0 0 0 0 0 0 2 1 0 0 0 0 0 0
0 0 22 0 5 0 0 3 0 0 0 0 2 0 0 0 0 0 0 0 13 0 0 1 0 0 4 0 0 0 0 0 0 0 0 0 8 0 0 0 0 0 0 0 0 0 2 1 0 0 0 0 0 0
0 0 22 0 5 0 0 3 0 0 0 0 0 0 0 0 0 0 0 0 15 0 0 1 0 0 6 1 0 0 0 0 0 0 0 0 8 0 0 0 0 0 0 0 0 0 0 0 0 0 0 0 0 0
0 0 22 0 5 0 0 3 0 0 0 0 2 0 0 0 0 0 0 0 13 0 0 1 0 0 6 1 0 0 0 0 0 0 0 0 8 0 0 0 0 0 0 0 0 0 0 0 0 0 0 0 0 0
0 0 22 0 5 0 0 3 0 0 0 0 2 0 0 0 0 0 0 0 13 0 0 1 0 0 6 1 0 0 0 0 0 0 0 0 8 0 0 0 0 0 0 0 0 0 0 0 0 0 0 0 0 0
2 0 22 0 5 0 0 3 0 0 0 0 0 0 0 0 0 0 0 0 15 0 0 1 0 0 4 0 0 0 0 0 0 0 0 0 6 0 0 0 0 0 0 0 0 0 0 0 0 0 0 0 0 0
4 0 22 0 5 0 0 3 0 0 0 0 0 0 0 0 0 0 0 0 13 0 0 1 0 0 4 0 0 0 0 0 0 0 0 0 6 0 0 0 0 0 0 0 0 0 0 0 0 0 0 0 0 0
0 0 22 0 5 0 0 3 0 0 0 0 4 0 0 0 0 0 0 0 13 0 0 1 0 0 4 0 0 0 0 0 0 0 0 0 6 0 0 0 0 0 0 0 0 0 0 0 0 0 0 0 0 0
0 0 22 0 5 0 0 3 0 0 0 0 0 0 0 0 0 0 0 0 13 0 0 1 0 0 4 0 0 0 0 0 0 0 0 0 6 0 0 0 0 0 0 0 0 0 0 0 0 6 6 0 4 0
0 0 30 0 5 0 0 3 0 0 0 0 0 0 0 0 0 0 0 0 21 0 0 1 0 0 4 0 0 0 0 0 0 0 0 0 6 0 0 0 0 0 0 0 0 0 0 0 0 0 0 0 0 0
0 0 30 0 5 0 0 3 0 0 0 0 0 0 0 0 0 0 0 0 21 0 0 1 0 0 4 0 0 0 0 0 0 0 0 0 6 0 0 0 0 0 0 0 0 0 0 0 0 0 0 0 0 0
0 0 22 0 5 0 0 5 0 0 0 0 0 0 0 0 0 0 0 0 17 0 3 4 0 0 4 0 0 0 0 0 0 0 0 0 6 0 0 0 0 0 0 0 0 0 0 0 0 0 0 0 0 0
0 0 26 0 3 0 0 2 0 0 0 0 0 0 0 0 0 0 0 0 20 0 0 0 0 0 4 0 0 0 0 0 0 0 0 0 5 0 0 0 0 0 0 0 0 0 0 0 0 0 0 0 0 0
0 0 19 0 4 0 0 4 0 0 0 0 0 0 0 0 0 0 0 0 14 0 0 2 0 0 4 0 0 0 0 0 0 0 0 0 8 1 0 0 0 0 0 0 0 0 0 0 0 0 0 0 0 0
0 0 19 0 5 0 0 4 0 0 0 0 0 0 0 0 0 0 0 0 13 0 0 3 0 0 4 0 0 0 0 0 0 0 0 0 8 0 0 0 0 0 0 0 0 0 0 0 0 0 0 0 0 0
0 0 18 0 6 0 0 4 0 0 0 0 0 0 0 0 0 0 0 0 14 0 0 2 0 0 4 0 0 0 0 0 0 0 0 0 8 0 0 0 0 0 0 0 0 0 0 0 0 0 0 0 0 0
0 0 23 0 7 0 0 6 0 0 0 0 0 0 0 0 0 0 0 0 21 0 0 1 0 0 2 0 0 0 0 0 0 0 0 0 6 2 0 0 0 0 0 0 0 0 0 0 0 0 0 0 0 0
0 0 22 0 5 0 0 3 0 0 0 0 0 0 0 0 0 0 0 0 17 0 0 1 0 0 4 0 0 0 0 0 0 0 0 0 6 0 0 0 0 0 0 0 0 0 0 0 0 0 0 0 0 0
